0.0 0.0
0.0 0.0
0.014285714285714285 -7.427988668932377e-09
0.02857142857142857 0.10130509239957683
0.04285714285714286 0.15112645913820388
0.05714285714285714 0.2001836758859984
0.07142857142857142 0.24924781859367576
0.08571428571428572 0.2983273777496162
0.1 0.3474192832962406
0.1142857142857143 0.3965180137054939
0.1285714285714286 0.44561754881908
0.14285714285714288 0.4947118143089795
0.15714285714285717 0.5437948750046482
0.17142857142857146 0.592861028624066
0.18571428571428575 0.6419048478101252
0.20000000000000004 0.6909211943151446
0.21428571428571433 0.7399052184162677
0.22857142857142862 0.7888523507495504
0.2428571428571429 0.8377582905571402
0.2571428571428572 0.8866189924790089
0.27142857142857146 0.9354306530633264
0.28571428571428575 0.9841896975557229
0.30000000000000004 1.0328927672629806
0.31428571428571433 1.0815367076069504
0.3285714285714286 1.1301185568814769
0.3428571428571429 1.1786355357084017
0.3571428571428572 1.2270850371580082
0.3714285714285715 1.275464617467835
0.3857142857142858 1.3237719873350853
0.4000000000000001 1.3720050037298432
0.41428571428571437 1.420161662184741
0.42857142857142866 1.468240089524789
0.44285714285714295 1.5162385370112617
0.45714285714285724 1.5641553738567897
0.47142857142857153 1.6119890810980932
0.4857142857142858 1.659738245788642
0.5000000000000001 1.7074015555068816
0.5142857142857143 1.7549777931389474
0.5285714285714286 1.8024658319373423
0.5428571428571428 1.849864630825176
0.557142857142857 1.8971732299510706
0.5714285714285713 1.9443907464512429
0.5857142857142855 1.9915163704324415
0.5999999999999998 2.03854936115475
0.614285714285714 2.0854890434030575
0.6285714285714282 2.1323348040372383
0.6428571428571425 2.179086088710787
0.6571428571428567 2.2257423987607257
0.6714285714285709 2.272303288234119
0.6857142857142852 2.3187683610808367
0.6999999999999994 2.365137268464326
0.7142857142857136 2.411409706223993
0.7285714285714279 2.457585412451096
0.7428571428571421 2.5036641651834954
0.7571428571428563 2.54964578022122
0.7714285714285706 2.595530109049182
0.7857142857142848 2.6413170368528918
0.799999999999999 2.6870064806482596
0.8142857142857133 2.7325983874908037
0.8285714285714275 2.7780927327833114
0.8428571428571418 2.823489518662642
0.857142857142856 2.8687887724695784
0.8714285714285702 2.913990545292906
0.8857142857142845 2.959094910591903
0.8999999999999987 3.0041019628842407
0.9142857142857129 3.0490118164975892
0.9285714285714272 3.0938246043951696
0.9428571428571414 3.138540477043633
0.9571428571428556 3.1831596013565724
0.9714285714285699 3.2276821596818834
0.9857142857142841 3.272108348840222
0.9999999999999983 3.316438379219708
1.0142857142857127 3.3606724739103697
1.028571428571427 3.4048108678868143
1.0428571428571412 3.448853807232441
1.0571428571428554 3.4928015484012573
1.0714285714285696 3.5366543575283864
1.0857142857142839 3.580412509758856
1.099999999999998 3.624076288627788
1.1142857142857123 3.6676459854672063
1.1285714285714266 3.71112189884128
1.1428571428571408 3.7545043340127626
1.157142857142855 3.79779360244527
1.1714285714285693 3.8409900213169417
1.1857142857142835 3.8840939130787135
1.1999999999999977 3.927105605018153
1.214285714285712 3.9700254288590706
1.2285714285714262 4.01285372037956
1.2428571428571404 4.05559081904839
1.2571428571428547 4.0982370676809685
1.271428571428569 4.140792812119065
1.2857142857142831 4.183258400927723
1.2999999999999974 4.22563418509672
1.3142857142857116 4.267920517777153
1.3285714285714258 4.310117754022046
1.34285714285714 4.3522262505392515
1.3571428571428543 4.394246365465217
1.3714285714285686 4.436178458146126
1.3857142857142828 4.478022888938956
1.399999999999997 4.519780019011365
1.4142857142857113 4.561450210166381
1.4285714285714255 4.603033824669756
1.4428571428571397 4.644531225087366
1.457142857142854 4.685942774134856
1.4714285714285682 4.727268834538927
1.4857142857142824 4.768509768896556
1.4999999999999967 4.809665939555543
1.514285714285711 4.850737708488499
1.5285714285714251 4.891725437193195
1.5428571428571394 4.932629486575696
1.5571428571428536 4.973450216866161
1.5714285714285678 5.014187987513014
1.585714285714282 5.054843157109988
1.5999999999999963 5.0954160833086934
1.6142857142857105 5.135907122746929
1.6285714285714248 5.176316630975763
1.642857142857139 5.216644962399432
1.6571428571428533 5.256892470209089
1.6714285714285675 5.297059506330438
1.6857142857142817 5.337146421366257
1.699999999999996 5.377153564556527
1.7142857142857102 5.417081283723205
1.7285714285714244 5.456929925234723
1.7428571428571387 5.4966998339646755
1.757142857142853 5.536391353259161
1.7714285714285671 5.5760048248987895
1.7857142857142814 5.615540589074697
1.7999999999999956 5.654998984356204
1.8142857142857098 5.694380347667194
1.828571428571424 5.733685014264614
1.8428571428571383 5.77291331771796
1.8571428571428525 5.812065589887562
1.8714285714285668 5.8511421609126195
1.885714285714281 5.890143359187552
1.8999999999999952 5.929069511361589
1.9142857142857095 5.967920942314682
1.9285714285714237 6.006697975156671
1.942857142857138 6.045400931211492
1.9571428571428522 6.084030130015494
1.9714285714285664 6.12258588930626
1.9857142857142807 6.161068525022782
1.999999999999995 6.199478351298579
2.0142857142857093 6.237815680458689
2.0285714285714236 6.2760808230179554
2.042857142857138 6.314274087684685
2.057142857142852 6.352395781351522
2.0714285714285663 6.3904462091059155
2.0857142857142805 6.428425674227141
2.0999999999999948 6.466334478186636
2.114285714285709 6.504172920656602
2.1285714285714232 6.541941299508705
2.1428571428571375 6.579639910820492
2.1571428571428517 6.617269048880388
2.171428571428566 6.654829006191934
2.18571428571428 6.692320073479988
2.1999999999999944 6.729742539697492
2.2142857142857086 6.767096692032797
2.228571428571423 6.804382815912358
2.242857142857137 6.841601195014434
2.2571428571428513 6.8787521112743555
2.2714285714285656 6.915835844889609
2.28571428571428 6.9528526743319095
2.299999999999994 6.989802876354704
2.3142857142857083 7.026686725999648
2.3285714285714225 7.063504496610137
2.3428571428571368 7.100256459838204
2.357142857142851 7.13694288565117
2.3714285714285652 7.17356404234901
2.3857142857142795 7.210120196565228
2.3999999999999937 7.246611613279288
2.414285714285708 7.283038555833925
2.428571428571422 7.319401285932998
2.4428571428571364 7.355700063663057
2.4571428571428506 7.3919351474958805
2.471428571428565 7.4281067943021295
2.485714285714279 7.464215259362887
2.4999999999999933 7.500260796377657
2.5142857142857076 7.536243657475156
2.528571428571422 7.572164093226124
2.542857142857136 7.608022352651153
2.5571428571428503 7.643818683235787
2.5714285714285645 7.679553330934652
2.5857142857142787 7.715226540188547
2.599999999999993 7.750838553932028
2.614285714285707 7.786389613600561
2.6285714285714215 7.8218799591501424
2.6428571428571357 7.857309829059547
2.65714285714285 7.892679460345914
2.671428571428564 7.927989088574845
2.6857142857142784 7.963238947866329
2.6999999999999926 7.998429270911392
2.714285714285707 8.033560288981018
2.728571428571421 8.068632231932202
2.7428571428571353 8.103645328225232
2.7571428571428496 8.13859980493059
2.771428571428564 8.173495887738131
2.785714285714278 8.208333800970214
2.7999999999999923 8.243113767589321
2.8142857142857065 8.277836009208219
2.8285714285714207 8.312500746105835
2.842857142857135 8.347108197229486
2.857142857142849 8.381658580209084
2.8714285714285634 8.416152111365559
2.8857142857142777 8.450589005722696
2.899999999999992 8.484969477018495
2.914285714285706 8.519293737706546
2.9285714285714204 8.553561998975372
2.9428571428571346 8.587774470753088
2.957142857142849 8.621931361718373
2.971428571428563 8.656032879309876
2.9857142857142773 8.690079229735977
2.9999999999999916 8.724070617982006
3.014285714285706 8.758007247823208
3.02857142857142 8.791889321831139
3.0428571428571343 8.825717041384594
3.0571428571428485 8.859490606675921
3.0714285714285627 8.8932102167231
3.085714285714277 8.926876069377098
3.099999999999991 8.960488361332757
3.1142857142857054 8.994047288134068
3.1285714285714197 9.0275530441857
3.142857142857134 9.061005822761233
3.157142857142848 9.094405816009164
3.1714285714285624 9.127753214966598
3.1857142857142766 9.161048209563294
3.199999999999991 9.19429098863152
3.214285714285705 9.227481739913596
3.2285714285714193 9.260620650072623
3.2428571428571336 9.293707904697317
3.257142857142848 9.326743688311797
3.271428571428562 9.359728184383483
3.2857142857142763 9.392661575331672
3.2999999999999905 9.425544042534389
3.3142857142857047 9.458375766336768
3.328571428571419 9.491156926058354
3.342857142857133 9.52388770000146
3.3571428571428474 9.556568265458434
3.3714285714285617 9.589198798716783
3.385714285714276 9.62177947507252
3.39999999999999 9.654310468832183
3.4142857142857044 9.686791953323452
3.4285714285714186 9.71922410090017
3.442857142857133 9.75160708294879
3.457142857142847 9.78394106990101
3.4714285714285613 9.816226231233214
3.4857142857142756 9.848462735480327
3.49999999999999 9.880650750238113
3.514285714285704 9.912790442173613
3.5285714285714183 9.944881977027356
3.5428571428571325 9.976925519624283
3.5571428571428467 10.008921233881303
3.571428571428561 10.040869282806865
3.585714285714275 10.072769828518316
3.5999999999999894 10.104623032238699
3.6142857142857037 10.136429054308312
3.628571428571418 10.168188054190274
3.642857142857132 10.199900190476239
3.6571428571428464 10.231565620892795
3.6714285714285606 10.263184502308711
3.685714285714275 10.294756990739907
3.699999999999989 10.326283241357062
3.7142857142857033 10.357763408489944
3.7285714285714175 10.389197645633702
3.742857142857132 10.420586105457511
3.757142857142846 10.451928939805855
3.7714285714285603 10.48322629971036
3.7857142857142745 10.514478335389791
3.7999999999999887 10.545685196257741
3.814285714285703 10.57684703093048
3.828571428571417 10.607963987230537
3.8428571428571314 10.639036212194432
3.8571428571428457 10.67006385207359
3.87142857142856 10.701047052345913
3.885714285714274 10.731985957716237
3.8999999999999884 10.76288071212447
3.9142857142857026 10.793731458752012
3.928571428571417 10.824538340023429
3.942857142857131 10.855301497613363
3.9571428571428453 10.886021072455453
3.9714285714285595 10.916697204740473
3.9857142857142738 10.947330033926866
3.999999999999988 10.977919698744378
4.014285714285703 11.008466337199836
4.028571428571417 11.038970086578672
4.042857142857131 11.06943108345501
4.057142857142845 11.099849463694971
4.07142857142856 11.13022536245733
4.085714285714274 11.160558914204866
4.099999999999988 11.190850252703596
4.114285714285702 11.221099511032522
4.128571428571417 11.25130682158607
4.142857142857131 11.281472316075323
4.157142857142845 11.311596125538047
4.171428571428559 11.341678380342108
4.1857142857142735 11.371719210187461
4.199999999999988 11.401718744113715
4.214285714285702 11.431677110501944
4.228571428571416 11.461594437081219
4.2428571428571304 11.491470850932608
4.257142857142845 11.521306478492358
4.271428571428559 11.551101445557132
4.285714285714273 11.580855877289654
4.299999999999987 11.610569898220062
4.314285714285702 11.640243632252197
4.328571428571416 11.66987720266757
4.34285714285713 11.69947073212839
4.357142857142844 11.729024342683706
4.371428571428559 11.758538155771351
4.385714285714273 11.788012292223748
4.399999999999987 11.817446872270585
4.414285714285701 11.846842015544023
4.4285714285714155 11.87619784108208
4.44285714285713 11.905514467331239
4.457142857142844 11.934792012153386
4.471428571428558 11.964030592825873
4.485714285714272 11.993230326049916
4.499999999999987 12.022391327949405
4.514285714285701 12.051513714078903
4.528571428571415 12.080597599425094
4.542857142857129 12.109643098410709
4.557142857142844 12.138650324898713
4.571428571428558 12.167619392195158
4.585714285714272 12.19655041305456
4.599999999999986 12.225443499682562
4.614285714285701 12.254298763737028
4.628571428571415 12.283116316336875
4.642857142857129 12.311896268059424
4.657142857142843 12.340638728948987
4.6714285714285575 12.36934380851819
4.685714285714272 12.398011615750388
4.699999999999986 12.426642259105426
4.7142857142857 12.455235846520035
4.728571428571414 12.483792485416172
4.742857142857129 12.512312282696225
4.757142857142843 12.54079534475578
4.771428571428557 12.569241777479013
4.785714285714271 12.5976516862465
4.799999999999986 12.626025175937134
4.8142857142857 12.654362350931159
4.828571428571414 12.682663315112515
4.842857142857128 12.710928171873647
4.8571428571428426 12.739157024118034
4.871428571428557 12.767349974261993
4.885714285714271 12.795507124240183
4.899999999999985 12.823628575505946
4.9142857142856995 12.851714429036637
4.928571428571414 12.87976478533556
4.942857142857128 12.907779744434341
4.957142857142842 12.935759405896171
4.971428571428556 12.963703868820216
4.985714285714271 12.991613231843523
4.999999999999985 13.01948759314129
5.014285714285699 13.04732705043592
5.028571428571413 13.075131700993062
5.042857142857128 13.102901641628021
5.057142857142842 13.130636968709391
5.071428571428556 13.158337778159938
5.08571428571427 13.186004165457883
5.0999999999999845 13.21363622564384
5.114285714285699 13.2412340533203
5.128571428571413 13.268797742655408
5.142857142857127 13.296327387385443
5.1571428571428415 13.32382308081731
5.171428571428556 13.351284915831249
5.18571428571427 13.37871298488411
5.199999999999984 13.406107380010951
5.214285714285698 13.433468192827764
5.228571428571413 13.460795514535187
5.242857142857127 13.488089435918631
5.257142857142841 13.515350047353053
5.271428571428555 13.542577438805328
5.28571428571427 13.569771699834208
5.299999999999984 13.596932919596828
5.314285714285698 13.624061186846955
5.328571428571412 13.65115658994036
5.3428571428571265 13.678219216835652
5.357142857142841 13.705249155097546
5.371428571428555 13.73224649189902
5.385714285714269 13.759211314023458
5.3999999999999835 13.78614370786635
5.414285714285698 13.81304375943836
5.428571428571412 13.839911554369063
5.442857142857126 13.866747177905433
5.45714285714284 13.893550714918124
5.471428571428555 13.920322249900721
5.485714285714269 13.94706186697351
5.499999999999983 13.973769649885837
5.514285714285697 14.000445682017638
5.528571428571412 14.02709004638147
5.542857142857126 14.053702825624868
5.55714285714284 14.08028410203202
5.571428571428554 14.10683395752906
5.5857142857142685 14.133352473680963
5.599999999999983 14.159839731696804
5.614285714285697 14.186295812431815
5.628571428571411 14.21272079638897
5.6428571428571255 14.239114763720167
5.65714285714284 14.265477794229788
5.671428571428554 14.291809967376304
5.685714285714268 14.318111362273456
5.699999999999982 14.344382057692922
5.714285714285697 14.370622132066261
5.728571428571411 14.396831663486747
5.742857142857125 14.423010729711086
5.757142857142839 14.449159408161789
5.771428571428554 14.4752777759293
5.785714285714268 14.50136590977373
5.799999999999982 14.527423886124497
5.814285714285696 14.553451781087137
5.8285714285714105 14.579449670440631
5.842857142857125 14.605417629640948
5.857142857142839 14.631355733823215
5.871428571428553 14.657264057803301
5.8857142857142675 14.683142676079253
5.899999999999982 14.708991662833327
5.914285714285696 14.734811091933754
5.92857142857141 14.76060103693682
5.942857142857124 14.78636157108801
5.957142857142839 14.812092767325069
5.971428571428553 14.837794698277662
5.985714285714267 14.863467436270364
5.999999999999981 14.88911105332495
6.014285714285696 14.914725621160812
6.02857142857141 14.940311211197654
6.042857142857124 14.965867894556018
6.057142857142838 14.99139574206052
6.0714285714285525 15.016894824240234
6.085714285714267 15.042365211330836
6.099999999999981 15.067806973275955
6.114285714285695 15.093220179729197
6.1285714285714095 15.118604900055699
6.142857142857124 15.143961203333673
6.157142857142838 15.169289158355065
6.171428571428552 15.19458883362893
6.185714285714266 15.219860297381626
6.199999999999981 15.245103617558813
6.214285714285695 15.270318861826796
6.228571428571409 15.29550609757487
6.242857142857123 15.320665391914995
6.257142857142838 15.34579681168598
6.271428571428552 15.370900423451925
6.285714285714266 15.395976293506882
6.29999999999998 15.421024487873469
6.3142857142856945 15.446045072306823
6.328571428571409 15.471038112293241
6.342857142857123 15.496003673055048
6.357142857142837 15.52094181954903
6.3714285714285515 15.545852616469121
6.385714285714266 15.570736128248058
6.39999999999998 15.595592419059336
6.414285714285694 15.620421552815996
6.428571428571408 15.645223593175327
6.442857142857123 15.669998603537922
6.457142857142837 15.694746647050259
6.471428571428551 15.71946778660553
6.485714285714265 15.74416208484466
6.49999999999998 15.76882960415878
6.514285714285694 15.793470406689744
6.528571428571408 15.818084554331271
6.542857142857122 15.842672108731309
6.5571428571428365 15.867233131291572
6.571428571428551 15.891767683171096
6.585714285714265 15.916275825285487
6.599999999999979 15.94075761830897
6.6142857142856935 15.965213122676333
6.628571428571408 15.989642398583529
6.642857142857122 16.01404550598828
6.657142857142836 16.0384225046131
6.67142857142855 16.062773453945113
6.685714285714265 16.087098413237225
6.699999999999979 16.111397441510256
6.714285714285693 16.135670597553673
6.728571428571407 16.159917939926398
6.742857142857122 16.18413952695896
6.757142857142836 16.20833541675399
6.77142857142855 16.232505667187407
6.785714285714264 16.25665033590935
6.7999999999999785 16.280769480346578
6.814285714285693 16.30486315770247
6.828571428571407 16.32893142495858
6.842857142857121 16.352974338875402
6.8571428571428354 16.376991955993873
6.87142857142855 16.40098433263694
6.885714285714264 16.424951524909492
6.899999999999978 16.44889358870069
6.914285714285692 16.472810579684005
6.928571428571407 16.496702553319665
6.942857142857121 16.520569564853975
6.957142857142835 16.544411669322166
6.971428571428549 16.568228921548517
6.985714285714264 16.592021376147205
6.999999999999978 16.61578908752429
7.014285714285692 16.639532109877834
7.028571428571406 16.663250497199396
7.0428571428571205 16.686944303275343
7.057142857142835 16.710613581687088
7.071428571428549 16.734258385813185
7.085714285714263 16.757878768829304
7.099999999999977 16.78147478371
7.114285714285692 16.805046483229553
7.128571428571406 16.82859391996212
7.14285714285712 16.85211714628454
7.157142857142834 16.87561621437565
7.171428571428549 16.899091176217894
7.185714285714263 16.92254208359822
7.199999999999977 16.94596898810955
7.214285714285691 16.969371941150843
7.2285714285714056 16.992750993928823
7.24285714285712 17.016106197458413
7.257142857142834 17.03943760256424
7.271428571428548 17.062745259880828
7.2857142857142625 17.086029219854108
7.299999999999977 17.109289532742213
7.314285714285691 17.132526248616315
7.328571428571405 17.155739417361705
7.342857142857119 17.178929088678498
7.357142857142834 17.202095312082662
7.371428571428548 17.225238136906814
7.385714285714262 17.248357612301298
7.399999999999976 17.27145378723489
7.414285714285691 17.29452671049577
7.428571428571405 17.31757643069237
7.442857142857119 17.34060299625415
7.457142857142833 17.363606455432677
7.4714285714285475 17.38658685630249
7.485714285714262 17.409544246761598
7.499999999999976 17.43247867453258
7.51428571428569 17.45539018716371
7.5285714285714045 17.478278832029112
7.542857142857119 17.501144656330236
7.557142857142833 17.52398770709621
7.571428571428547 17.54680803118521
7.585714285714261 17.56960567528459
7.599999999999976 17.59238068591222
7.61428571428569 17.61513310941702
7.628571428571404 17.637862991980068
7.642857142857118 17.66057037961499
7.657142857142833 17.68325531816899
7.671428571428547 17.70591785332367
7.685714285714261 17.7285580305955
7.699999999999975 17.75117589533723
7.7142857142856895 17.773771492737904
7.728571428571404 17.7963448678241
7.742857142857118 17.818896065460958
7.757142857142832 17.841425130351414
7.7714285714285465 17.863932107038945
7.785714285714261 17.886417039907744
7.799999999999975 17.908879973182877
7.814285714285689 17.931320950930637
7.828571428571403 17.953740017061076
7.842857142857118 17.97613721532681
7.857142857142832 17.998512589324726
7.871428571428546 18.020866182496782
7.88571428571426 18.04319803813028
7.899999999999975 18.06550819935854
7.914285714285689 18.087796709162234
7.928571428571403 18.110063610369433
7.942857142857117 18.132308945656632
7.9571428571428315 18.15453275754915
7.971428571428546 18.176735088422426
7.98571428571426 18.19891598050209
7.999999999999974 18.221075475864744
8.01428571428569 18.243213616439043
8.028571428571404 18.26533044400542
8.042857142857118 18.287426000198014
8.057142857142832 18.3095003265047
8.071428571428546 18.33155346426738
8.08571428571426 18.3535854546835
8.099999999999975 18.375596338805764
8.114285714285689 18.397586157543643
8.128571428571403 18.419554951663176
8.142857142857117 18.441502761788495
8.157142857142832 18.46342962840166
8.171428571428546 18.48533559184383
8.18571428571426 18.507220692315403
8.199999999999974 18.529084969877356
8.214285714285689 18.550928464451268
8.228571428571403 18.57275121581996
8.242857142857117 18.594553263628374
8.257142857142831 18.616334647383947
8.271428571428546 18.63809540645738
8.28571428571426 18.65983558008322
8.299999999999974 18.6815552073606
8.314285714285688 18.703254327253095
8.328571428571403 18.724932978590324
8.342857142857117 18.74659120006793
8.357142857142831 18.768229030248186
8.371428571428545 18.789846507561048
8.38571428571426 18.811443670303756
8.399999999999974 18.833020556642477
8.414285714285688 18.85457720461253
8.428571428571402 18.87611365211792
8.442857142857116 18.89762993693402
8.45714285714283 18.919126096706318
8.471428571428545 18.940602168951038
8.48571428571426 18.962058191057242
8.499999999999973 18.983494200285477
8.514285714285688 19.004910233769714
8.528571428571402 19.026306328516988
8.542857142857116 19.04768252140859
8.55714285714283 19.069038849200073
8.571428571428545 19.09037534852213
8.585714285714259 19.11169205588105
8.599999999999973 19.132989007658715
8.614285714285687 19.154266240114392
8.628571428571401 19.17552378938381
8.642857142857116 19.196761691480546
8.65714285714283 19.2179799822963
8.671428571428544 19.23917869760138
8.685714285714258 19.2603578730452
8.699999999999973 19.28151754415683
8.714285714285687 19.302657746345485
8.728571428571401 19.323778514900773
8.742857142857115 19.344879884993745
8.75714285714283 19.365961891676676
8.771428571428544 19.387024569884197
8.785714285714258 19.408067954433392
8.799999999999972 19.429092080024347
8.814285714285687 19.450096981240677
8.8285714285714 19.471082692549967
8.842857142857115 19.492049248304184
8.85714285714283 19.51299668274032
8.871428571428543 19.53392502998062
8.885714285714258 19.554834324033234
8.899999999999972 19.575724598792586
8.914285714285686 19.59659588803978
8.9285714285714 19.61744822544322
8.942857142857115 19.638281644558838
8.957142857142829 19.659096178830744
8.971428571428543 19.67989186159143
8.985714285714257 19.700668726062492
8.999999999999972 19.721426805354856
9.014285714285686 19.7421661324693
9.0285714285714 19.762886740296874
9.042857142857114 19.783588661619255
9.057142857142829 19.8042719291093
9.071428571428543 19.824936575331385
9.085714285714257 19.845582632741845
9.099999999999971 19.86621013368935
9.114285714285685 19.88681911041542
9.1285714285714 19.907409595054766
9.142857142857114 19.927981619635794
9.157142857142828 19.948535216080675
9.171428571428542 19.969070416206254
9.185714285714257 19.989587251724064
9.19999999999997 20.010085754240958
9.214285714285685 20.03056595525938
9.2285714285714 20.051027886177657
9.242857142857114 20.07147157829065
9.257142857142828 20.091897062790004
9.271428571428542 20.112304370764466
9.285714285714256 20.132693533200406
9.29999999999997 20.15306458098209
9.314285714285685 20.17341754489213
9.328571428571399 20.1937524556118
9.342857142857113 20.21406934372142
9.357142857142827 20.234368239700757
9.371428571428542 20.254649173929508
9.385714285714256 20.27491217668753
9.39999999999997 20.29515727815492
9.414285714285684 20.315384508412997
9.428571428571399 20.335593897444262
9.442857142857113 20.355785475132695
9.457142857142827 20.37595927126432
9.471428571428541 20.3961153155275
9.485714285714256 20.416253637513172
9.49999999999997 20.436374266715507
9.514285714285684 20.45647723253163
9.528571428571398 20.47656256426284
9.542857142857113 20.496630291114034
9.557142857142827 20.516680442194833
9.571428571428541 20.536713046519388
9.585714285714255 20.556728133006814
9.59999999999997 20.576725730481847
9.614285714285684 20.596705867674736
9.628571428571398 20.616668573221844
9.642857142857112 20.636613875666296
9.657142857142826 20.656541803455806
9.67142857142854 20.67645238494805
9.685714285714255 20.696345648406155
9.699999999999969 20.71622162200188
9.714285714285683 20.736080333813817
9.728571428571398 20.755921811829747
9.742857142857112 20.77574608394544
9.757142857142826 20.795553177965743
9.77142857142854 20.815343121604695
9.785714285714255 20.83511594248564
9.799999999999969 20.854871668141733
9.814285714285683 20.874610326016366
9.828571428571397 20.894331943463158
9.842857142857111 20.91403654774625
9.857142857142826 20.93372416604079
9.87142857142854 20.95339482543327
9.885714285714254 20.973048552921586
9.899999999999968 20.992685375415483
9.914285714285683 21.01230531973672
9.928571428571397 21.03190841261943
9.942857142857111 21.051494680710405
9.957142857142825 21.071064150569352
9.97142857142854 21.090616848669193
9.985714285714254 21.11015280139604
9.999999999999968 21.129672035050277
10.014285714285682 21.14917457584575
10.028571428571396 21.16866044991095
10.04285714285711 21.188129683288466
10.057142857142825 21.207582301936213
10.07142857142854 21.227018331726626
10.085714285714253 21.24643779844782
10.099999999999968 21.265840727803276
10.114285714285682 21.285227145412385
10.128571428571396 21.3045970768105
10.14285714285711 21.32395054744932
10.157142857142825 21.34328758269726
10.171428571428539 21.362608207839294
10.185714285714253 21.38191244807764
10.199999999999967 21.401200328531615
10.214285714285682 21.42047187423831
10.228571428571396 21.439727110152383
10.24285714285711 21.458966061146604
10.257142857142824 21.47818875201194
10.271428571428538 21.49739520745788
10.285714285714253 21.51658545211245
10.299999999999967 21.535759510522908
10.314285714285681 21.554917407155312
10.328571428571395 21.574059166395326
10.34285714285711 21.593184812548145
10.357142857142824 21.61229436983881
10.371428571428538 21.63138786241248
10.385714285714252 21.650465314334287
10.399999999999967 21.669526749590187
10.41428571428568 21.688572192086557
10.428571428571395 21.707601665650767
10.44285714285711 21.72661519403136
10.457142857142824 21.74561280089807
10.471428571428538 21.7645945098422
10.485714285714252 21.783560344376745
10.499999999999966 21.802510327936616
10.51428571428568 21.821444483878896
10.528571428571395 21.840362835482935
10.542857142857109 21.85926540595063
10.557142857142823 21.878152218406527
10.571428571428537 21.897023295898087
10.585714285714252 21.915878661395986
10.599999999999966 21.934718337793875
10.61428571428568 21.95354234790909
10.628571428571394 21.972350714482697
10.642857142857109 21.99114346017938
10.657142857142823 22.009920607587897
10.671428571428537 22.028682179221224
10.685714285714251 22.047428197516695
10.699999999999966 22.06615868483621
10.71428571428568 22.08487366346628
10.728571428571394 22.10357315561845
10.742857142857108 22.122257183429127
10.757142857142822 22.14092576896018
10.771428571428537 22.15957893419861
10.785714285714251 22.17821670105719
10.799999999999965 22.196839091374066
10.81428571428568 22.21544612691368
10.828571428571394 22.234037829366567
10.842857142857108 22.252614220348665
10.857142857142822 22.271175321403085
10.871428571428536 22.289721153999203
10.88571428571425 22.308251739532825
10.899999999999965 22.326767099327007
10.914285714285679 22.34526725463157
10.928571428571393 22.36375222662287
10.942857142857108 22.382222036405178
10.957142857142822 22.40067670500979
10.971428571428536 22.41911625339538
10.98571428571425 22.43754070244847
10.999999999999964 22.455950072983985
11.014285714285679 22.474344385743812
11.028571428571393 22.492723661398607
11.042857142857107 22.511087920546657
11.057142857142821 22.52943718371489
11.071428571428536 22.54777147135865
11.08571428571425 22.56609080386162
11.099999999999964 22.584395201536466
11.114285714285678 22.602684684624553
11.128571428571393 22.620959273296005
11.142857142857107 22.63921898765024
11.157142857142821 22.65746384771581
11.171428571428535 22.675693873450573
11.18571428571425 22.693909084741414
11.199999999999964 22.712109501405315
11.214285714285678 22.730295143188492
11.228571428571392 22.74846602976668
11.242857142857106 22.766622180746204
11.25714285714282 22.784763615662403
11.271428571428535 22.802890353981184
11.28571428571425 22.821002415098423
11.299999999999963 22.8390998183405
11.314285714285678 22.857182582963542
11.328571428571392 22.87525072815474
11.342857142857106 22.893304273031294
11.35714285714282 22.911343236640217
11.371428571428535 22.92936763796134
11.385714285714249 22.947377495903588
11.399999999999963 22.965372829307185
11.414285714285677 22.983353656943635
11.428571428571392 23.001319997513896
11.442857142857106 23.019271869652968
11.45714285714282 23.037209291923666
11.471428571428534 23.05513228282266
11.485714285714248 23.073040860776217
11.499999999999963 23.090935044143503
11.514285714285677 23.10881485121316
11.528571428571391 23.12668030020765
11.542857142857105 23.144531409278073
11.55714285714282 23.162368196511306
11.571428571428534 23.18019067992205
11.585714285714248 23.19799887745858
11.599999999999962 23.215792807000746
11.614285714285677 23.2335724863594
11.62857142857139 23.25133793327873
11.642857142857105 23.269089165434462
11.65714285714282 23.28682620043462
11.671428571428534 23.30454905581644
11.685714285714248 23.32225774905342
11.699999999999962 23.33995229754918
11.714285714285676 23.357632718639397
11.72857142857139 23.375299029592398
11.742857142857105 23.392951247608522
11.757142857142819 23.41058938982074
11.771428571428533 23.42821347329401
11.785714285714247 23.44582351502527
11.799999999999962 23.46341953194485
11.814285714285676 23.48100154091485
11.82857142857139 23.498569558729436
11.842857142857104 23.51612360211596
11.857142857142819 23.53366368773359
11.871428571428533 23.55118983217489
11.885714285714247 23.56870205196344
11.899999999999961 23.58620036355652
11.914285714285676 23.603684783343716
11.92857142857139 23.621155327646605
11.942857142857104 23.63861201271956
11.957142857142818 23.656054854749748
11.971428571428532 23.673483869856753
11.985714285714247 23.69089907409179
11.999999999999961 23.70830048344047
12.014285714285675 23.72568811381858
12.02857142857139 23.74306198107611
12.042857142857104 23.76042210099484
12.057142857142818 23.777768489289215
12.071428571428532 23.795101161605974
12.085714285714246 23.812420133524395
12.09999999999996 23.82972542055588
12.114285714285675 23.847017038144756
12.128571428571389 23.86429500166697
12.142857142857103 23.881559326430878
12.157142857142818 23.898810027677744
12.171428571428532 23.91604712058046
12.185714285714246 23.933270620244716
12.19999999999996 23.95048054170829
12.214285714285674 23.9676768999401
12.228571428571389 23.984859709842738
12.242857142857103 24.00202898624924
12.257142857142817 24.01918474392485
12.271428571428531 24.036326997567837
12.285714285714246 24.053455761807903
12.29999999999996 24.070571051205473
12.314285714285674 24.087672880254086
12.328571428571388 24.10476126337829
12.342857142857103 24.121836214933502
12.357142857142817 24.138897749208994
12.371428571428531 24.155945880423115
12.385714285714245 24.172980622726527
12.39999999999996 24.19000199020137
12.414285714285674 24.207009996861387
12.428571428571388 24.224004656649825
12.442857142857102 24.240985983442368
12.457142857142816 24.257953991045206
12.47142857142853 24.27490869319586
12.485714285714245 24.29185010356173
12.49999999999996 24.308778235741237
12.514285714285673 24.325693103264197
12.528571428571388 24.34259471958933
12.542857142857102 24.359483098107027
12.557142857142816 24.37635825213742
12.57142857142853 24.393220194929707
12.585714285714245 24.410068939665173
12.599999999999959 24.426904499452895
12.614285714285673 24.443726887332723
12.628571428571387 24.460536116274305
12.642857142857101 24.477332199176146
12.657142857142816 24.49411514886643
12.67142857142853 24.5108849781022
12.685714285714244 24.527641699569532
12.699999999999958 24.544385325884168
12.714285714285673 24.561115869589194
12.728571428571387 24.57783334315742
12.742857142857101 24.594537758989638
12.757142857142815 24.61122912941499
12.77142857142853 24.627907466689855
12.785714285714244 24.644572783000605
12.799999999999958 24.661225090459748
12.814285714285672 24.677864401106334
12.828571428571387 24.694490726909898
12.8428571428571 24.71110407976408
12.857142857142815 24.727704471490604
12.87142857142853 24.744291913839156
12.885714285714243 24.760866418483634
12.899999999999958 24.777427997026926
12.914285714285672 24.793976660996382
12.928571428571386 24.810512421845914
12.9428571428571 24.82703529095574
12.957142857142815 24.843545279630582
12.971428571428529 24.860042399100845
12.985714285714243 24.876526660522256
12.999999999999957 24.892998074975438
13.014285714285672 24.90945665346544
13.028571428571386 24.925902406921704
13.0428571428571 24.94233534619764
13.057142857142814 24.95875548207139
13.071428571428529 24.975162825243522
13.085714285714243 24.991557386338744
13.099999999999957 25.007939175905513
13.114285714285671 25.024308204413863
13.128571428571385 25.040664482256965
13.1428571428571 25.057008019750143
13.157142857142814 25.073338827132275
13.171428571428528 25.08965691456208
13.185714285714242 25.105962292120175
13.199999999999957 25.122254969809216
13.214285714285671 25.138534957552107
13.228571428571385 25.154802265192494
13.2428571428571 25.1710569024951
13.257142857142814 25.187298879143167
13.271428571428528 25.203528204740888
13.285714285714242 25.219744888810585
13.299999999999956 25.235948940796423
13.31428571428567 25.252140370056726
13.328571428571385 25.268319185872922
13.342857142857099 25.28448539744147
13.357142857142813 25.300639013877934
13.371428571428527 25.31678004421498
13.385714285714242 25.332908497402617
13.399999999999956 25.349024382306553
13.41428571428567 25.36512770770943
13.428571428571384 25.38121848230987
13.442857142857099 25.397296714725158
13.457142857142813 25.41336241348216
13.471428571428527 25.42941558702681
13.485714285714241 25.445456243718823
13.499999999999956 25.461484391830897
13.51428571428567 25.47750003955125
13.528571428571384 25.493503194979688
13.542857142857098 25.50949386613063
13.557142857142813 25.525472060931133
13.571428571428527 25.541437787219206
13.585714285714241 25.557391052746215
13.599999999999955 25.573331865174353
13.61428571428567 25.589260232076878
13.628571428571384 25.60517616093757
13.642857142857098 25.62107965915052
13.657142857142812 25.636970734021553
13.671428571428526 25.65284939276334
13.68571428571424 25.668715642498846
13.699999999999955 25.684569490261122
13.71428571428567 25.70041094298803
13.728571428571383 25.716240007528224
13.742857142857098 25.732056690636195
13.757142857142812 25.747860998974925
13.771428571428526 25.7636529391129
13.78571428571424 25.779432517525002
13.799999999999955 25.795199740591514
13.814285714285669 25.810954614599098
13.828571428571383 25.82669714573842
13.842857142857097 25.842427340104262
13.857142857142811 25.858145203696864
13.871428571428526 25.873850742418718
13.88571428571424 25.88954396207693
13.899999999999954 25.905224868380266
13.914285714285668 25.920893466940353
13.928571428571383 25.936549763270474
13.942857142857097 25.952193762785708
13.957142857142811 25.96782547080214
13.971428571428525 25.983444892536767
13.98571428571424 25.999052033107155
13.999999999999954 26.01464689752963
14.014285714285668 26.03022949072098
14.028571428571382 26.045799817497567
14.042857142857097 26.061357882572437
14.05714285714281 26.076903690559373
14.071428571428525 26.092437245968643
14.08571428571424 26.107958553207478
14.099999999999953 26.12346761658247
14.114285714285668 26.1389644402948
14.128571428571382 26.15444902844244
14.142857142857096 26.169921385020317
14.15714285714281 26.185381513919147
14.171428571428525 26.20082941892251
14.185714285714239 26.216265103711635
14.199999999999953 26.23168857186152
14.214285714285667 26.24709982684172
14.228571428571382 26.262498872014127
14.242857142857096 26.27788571063737
14.25714285714281 26.293260345860837
14.271428571428524 26.308622780728502
14.285714285714239 26.32397301817567
14.299999999999953 26.339311061030852
14.314285714285667 26.354636912016616
14.328571428571381 26.369950573744656
14.342857142857095 26.385252048721153
14.35714285714281 26.400541339341448
14.371428571428524 26.41581844789402
14.385714285714238 26.43108337655759
14.399999999999952 26.44633612740281
14.414285714285667 26.461576702390943
14.42857142857138 26.476805103372257
14.442857142857095 26.492021332091063
14.45714285714281 26.507225390179766
14.471428571428524 26.522417279161896
14.485714285714238 26.537597000450496
14.499999999999952 26.552764555350105
14.514285714285666 26.567919945054324
14.52857142857138 26.583063170650224
14.542857142857095 26.598194233110224
14.557142857142809 26.61331313330016
14.571428571428523 26.62841987197678
14.585714285714237 26.643514449785354
14.599999999999952 26.65859686726215
14.614285714285666 26.67366712483521
14.62857142857138 26.688725222823418
14.642857142857094 26.703771161435157
14.657142857142809 26.71880494077097
14.671428571428523 26.733826560823548
14.685714285714237 26.748836021476542
14.699999999999951 26.763833322505022
14.714285714285666 26.7788184635772
14.72857142857138 26.793791444254637
14.742857142857094 26.80875226399051
14.757142857142808 26.82370092213305
14.771428571428523 26.83863741792234
14.785714285714237 26.85356175049441
14.799999999999951 26.86847391887942
14.814285714285665 26.88337392200337
14.82857142857138 26.898261758687052
14.842857142857094 26.913137427650096
14.857142857142808 26.928000927505874
14.871428571428522 26.942852256768912
14.885714285714236 26.957691413850753
14.89999999999995 26.972518397061563
14.914285714285665 26.987333204611296
14.928571428571379 27.00213583461233
14.942857142857093 27.016926285077602
14.957142857142808 27.031704553922292
14.971428571428522 27.046470638965552
14.985714285714236 27.061224537929135
14.99999999999995 27.075966248443866
15.014285714285664 27.090695768043137
15.028571428571379 27.105413094170117
15.042857142857093 27.12011822417577
15.057142857142807 27.134811155321298
15.071428571428521 27.149491884779625
15.085714285714236 27.16416040963511
15.09999999999995 27.178816726888094
15.114285714285664 27.193460833451276
15.128571428571378 27.208092726156636
15.142857142857093 27.222712401756375
15.157142857142807 27.237319856919743
15.171428571428521 27.251915088241745
15.185714285714235 27.266498092238923
15.19999999999995 27.28106886535707
15.214285714285664 27.29562740396928
15.228571428571378 27.310173704381192
15.242857142857092 27.324707762830947
15.257142857142806 27.33922957549439
15.27142857142852 27.353739138485718
15.285714285714235 27.36823644786371
15.29999999999995 27.38272149963054
15.314285714285663 27.397194289741506
15.328571428571378 27.411654814101816
15.342857142857092 27.426103068575706
15.357142857142806 27.440539048988295
15.37142857142852 27.454962751132328
15.385714285714235 27.469374170769722
15.399999999999949 27.483773303638287
15.414285714285663 27.49816014545907
15.428571428571377 27.51253469193883
15.442857142857092 27.52689693877738
15.457142857142806 27.541246881675548
15.47142857142852 27.555584516336918
15.485714285714234 27.56990983848163
15.499999999999948 27.584222843847765
15.514285714285663 27.598523528201152
15.528571428571377 27.612811887343835
15.542857142857091 27.62708791712088
15.557142857142805 27.641351613430352
15.57142857142852 27.655602972227666
15.585714285714234 27.669841989541936
15.599999999999948 27.68406866147654
15.614285714285662 27.698282984224846
15.628571428571377 27.712484954075606
15.64285714285709 27.726674567423615
15.657142857142805 27.740851820780136
15.67142857142852 27.755016710779422
15.685714285714234 27.769169234190144
15.699999999999948 27.78330938792399
15.714285714285662 27.79743716904447
15.728571428571376 27.81155257477409
15.74285714285709 27.825655602504213
15.757142857142805 27.83974624980104
15.771428571428519 27.853824514414228
15.785714285714233 27.86789039428101
15.799999999999947 27.881943887533023
15.814285714285662 27.895984992499763
15.828571428571376 27.91001370771219
15.84285714285709 27.92403003190537
15.857142857142804 27.938033964018842
15.871428571428519 27.95202550319655
15.885714285714233 27.966004648784505
15.899999999999947 27.979971400329713
15.914285714285661 27.99392575757122
15.928571428571376 28.00786772043625
15.94285714285709 28.02179728903243
15.957142857142804 28.035714463635824
15.971428571428518 28.04961924468009
15.985714285714232 28.063511632744813
15.999999999999947 28.077391628537875
16.014285714285663 28.091259232879974
16.02857142857138 28.10511444668772
16.042857142857095 28.118957270950894
16.05714285714281 28.13278770671503
16.071428571428527 28.146605755056342
16.085714285714243 28.160411417060637
16.09999999999996 28.174204693797638
16.114285714285675 28.18798558629641
16.12857142857139 28.201754095518716
16.142857142857107 28.215510222335656
16.157142857142823 28.22925396749783
16.17142857142854 28.24298533161098
16.185714285714255 28.25670431510933
16.19999999999997 28.270410918229732
16.214285714285687 28.284105140985744
16.228571428571403 28.297786983143702
16.24285714285712 28.31145644419696
16.257142857142835 28.325113523345557
16.27142857142855 28.33875821947271
16.285714285714267 28.35239053112518
16.299999999999983 28.366010456495616
16.3142857142857 28.379617993403457
16.328571428571415 28.393213139281
16.34285714285713 28.406795891159923
16.357142857142847 28.420366245659494
16.371428571428563 28.433924198976175
16.38571428571428 28.447469746877896
16.399999999999995 28.46100288469831
16.41428571428571 28.47452360733306
16.428571428571427 28.488031909239137
16.442857142857143 28.501527784437396
16.45714285714286 28.515011226513064
16.471428571428575 28.528482228624995
16.48571428571429 28.54194078351061
16.500000000000007 28.55538688349669
16.514285714285723 28.56882052051094
16.52857142857144 28.582241686095404
16.542857142857155 28.595650371422316
16.55714285714287 28.609046567311058
16.571428571428587 28.622430264246873
16.585714285714303 28.635801452401193
16.60000000000002 28.649160121654756
16.614285714285735 28.662506261618653
16.62857142857145 28.67583986166016
16.642857142857167 28.689160910927853
16.657142857142883 28.702469398378756
16.6714285714286 28.71576531280489
16.685714285714315 28.7290486428622
16.70000000000003 28.742319377098667
16.714285714285747 28.75557750398438
16.728571428571463 28.76882301194097
16.74285714285718 28.782055889371673
16.757142857142895 28.79527612469212
16.77142857142861 28.808483706360548
16.785714285714327 28.821678622908635
16.800000000000043 28.834860862971436
16.81428571428576 28.848030415318267
16.828571428571475 28.861187268882592
16.84285714285719 28.874331412791786
16.857142857142907 28.887462836396494
16.871428571428623 28.900581529299235
16.88571428571434 28.91368748138382
16.900000000000055 28.92678068284218
16.91428571428577 28.939861124201922
16.928571428571487 28.952928796352275
16.942857142857203 28.965983690570766
16.95714285714292 28.979025798547443
16.971428571428635 28.992055112409044
16.98571428571435 29.005071624741717
17.000000000000068 29.018075328614568
17.014285714285784 29.031066217598543
17.0285714285715 29.044044285789617
17.042857142857216 29.057009527824523
17.05714285714293 29.069961938901933
17.071428571428648 29.08290151479729
17.085714285714364 29.09582825187882
17.10000000000008 29.108742147122697
17.114285714285796 29.121643198125458
17.12857142857151 29.13453140311652
17.142857142857228 29.147406760968252
17.157142857142944 29.16026927120545
17.17142857142866 29.173118934012532
17.185714285714376 29.185955750240144
17.20000000000009 29.198779721408734
17.214285714285808 29.211590849713048
17.228571428571524 29.224389138022683
17.24285714285724 29.23717458988194
17.257142857142956 29.249947209508026
17.27142857142867 29.262707001786897
17.285714285714388 29.275453972267563
17.300000000000104 29.28818812715433
17.31428571428582 29.30090947329733
17.328571428571536 29.313618018181003
17.34285714285725 29.326313769909966
17.357142857142968 29.33899673719348
17.371428571428684 29.351666929327525
17.3857142857144 29.36432435617507
17.400000000000116 29.376969028142874
17.414285714285832 29.38960095615762
17.428571428571548 29.40222015163874
17.442857142857264 29.414826626469804
17.45714285714298 29.427420392966695
17.471428571428696 29.440001463845473
17.485714285714412 29.45256985218553
17.500000000000128 29.465125571393752
17.514285714285844 29.47766863516416
17.52857142857156 29.490199057437135
17.542857142857276 29.502716852356127
17.557142857142992 29.515222034223846
17.571428571428708 29.527714617454627
17.585714285714424 29.54019461653295
17.60000000000014 29.55266204595956
17.614285714285856 29.56511692020685
17.628571428571572 29.57755925367036
17.642857142857288 29.589989060620507
17.657142857143004 29.602406355154407
17.67142857142872 29.614811151150676
17.685714285714436 29.6272034622232
17.700000000000152 29.63958330167909
17.714285714285868 29.651950682478397
17.728571428571584 29.66430561719572
17.7428571428573 29.676648117987863
17.757142857143016 29.688978196562942
17.771428571428732 29.70129586415752
17.785714285714448 29.71360113151502
17.800000000000164 29.72589400887255
17.81428571428588 29.738174505952486
17.828571428571596 29.750442631960578
17.842857142857312 29.76269839558865
17.857142857143028 29.774941805023346
17.871428571428744 29.787172867958606
17.88571428571446 29.7993915916105
17.900000000000176 29.81159798273226
17.914285714285892 29.823792047625908
17.92857142857161 29.835973792144937
17.942857142857324 29.848143221684754
17.95714285714304 29.860300341148488
17.971428571428756 29.872445154882776
17.985714285714472 29.88457766656826
18.00000000000019 29.89669787905143
18.014285714285904 29.908805794100747
18.02857142857162 29.920901412067725
18.042857142857336 29.932984731432192
18.057142857143052 29.945055748212173
18.07142857142877 29.95711445521933
18.085714285714484 29.96916084114554
18.1000000000002 29.981194889476136
18.114285714285916 29.993216577236094
18.128571428571632 30.005225873598107
18.14285714285735 30.017222738392306
18.157142857143064 30.02920712060506
18.17142857142878 30.041178956952013
18.185714285714496 30.053138170662475
18.200000000000212 30.065084670608105
18.21428571428593 30.077018350921964
18.228571428571644 30.088939091237105
18.24285714285736 30.10084675764127
18.257142857143076 30.11274120439456
18.271428571428793 30.124622276393332
18.28571428571451 30.136489812297807
18.300000000000225 30.14834364817854
18.31428571428594 30.160183621488308
18.328571428571657 30.17200957514168
18.342857142857373 30.183821361477353
18.35714285714309 30.19561884590215
18.371428571428805 30.207401910041305
18.38571428571452 30.219170454278338
18.400000000000237 30.230924399609087
18.414285714285953 30.242663688788184
18.42857142857167 30.254388286782728
18.442857142857385 30.26609818059634
18.4571428571431 30.27779337852533
18.471428571428817 30.289473908949
18.485714285714533 30.301139818746808
18.50000000000025 30.312791171437098
18.514285714285965 30.324428045128656
18.52857142857168 30.3360505303665
18.542857142857397 30.34765872794259
18.557142857143113 30.359252746731574
18.57142857142883 30.37083270159542
18.585714285714545 30.382398711399468
18.60000000000026 30.393950897160703
18.614285714285977 30.405489380352346
18.628571428571693 30.41701428137208
18.64285714285741 30.428525718179294
18.657142857143125 30.440023805100097
18.67142857142884 30.451508651801067
18.685714285714557 30.46298036242101
18.700000000000273 30.474439034853535
18.71428571428599 30.48588476017109
18.728571428571705 30.497317622174368
18.74285714285742 30.508737697077105
18.757142857143137 30.52014505327252
18.771428571428853 30.53153975122001
18.78571428571457 30.542921843401256
18.800000000000285 30.554291374369154
18.814285714286 30.565648380968156
18.828571428571717 30.576992892142247
18.842857142857433 30.5883249296513
18.85714285714315 30.599644508059963
18.871428571428865 30.610951635082106
18.88571428571458 30.622246311992996
18.900000000000297 30.63352853398348
18.914285714286013 30.64479829058129
18.92857142857173 30.6560555660741
18.942857142857445 30.667300339974208
18.95714285714316 30.678532587533315
18.971428571428877 30.689752280094595
18.985714285714593 30.700959385760147
19.00000000000031 30.712153869810493
19.014285714286025 30.723335695188364
19.02857142857174 30.734504823106647
19.042857142857457 30.74566121347943
19.057142857143173 30.756804825475914
19.07142857142889 30.767935618017976
19.085714285714605 30.779053550309143
19.10000000000032 30.790158582287713
19.114285714286037 30.80125067509752
19.128571428571753 30.812329791577316
19.14285714285747 30.823395896710053
19.157142857143185 30.834448958168924
19.1714285714289 30.845488946701227
19.185714285714617 30.85651583627092
19.200000000000333 30.867529604553418
19.21428571428605 30.878530233265657
19.228571428571765 30.889517708701337
19.24285714285748 30.900492022227905
19.257142857143197 30.911453169865155
19.271428571428913 30.9224011536754
19.28571428571463 30.933335981504378
19.300000000000345 30.944257667771403
19.31428571428606 30.95516623320892
19.328571428571777 30.966061705612507
19.342857142857493 30.97694411992682
19.35714285714321 30.987813518766288
19.371428571428925 30.998669953080142
19.38571428571464 31.009513483280575
19.400000000000357 31.020344176133076
19.414285714286073 31.031162108378435
19.42857142857179 31.04196736817612
19.442857142857505 31.052760058465644
19.45714285714322 31.063540269998157
19.471428571428937 31.07430813439704
19.485714285714653 31.085063774225663
19.50000000000037 31.095807323949497
19.514285714286085 31.10653892176074
19.5285714285718 31.117258715343432
19.542857142857518 31.127966870280076
19.557142857143234 31.13866357179413
19.57142857142895 31.14934899791676
19.585714285714666 31.1600233342274
19.60000000000038 31.170686758439064
19.614285714286098 31.18133946547185
19.628571428571814 31.191981645439387
19.64285714285753 31.202613497608763
19.657142857143246 31.213235196688643
19.67142857142896 31.223846935357617
19.685714285714678 31.234448886825415
19.700000000000394 31.245041212505438
19.71428571428611 31.25562409645931
19.728571428571826 31.266197613886824
19.74285714285754 31.27676189286869
19.757142857143258 31.287316902207973
19.771428571428974 31.297862787696275
19.78571428571469 31.30839924302101
19.800000000000406 31.318926247550632
19.81428571428612 31.329443428376795
19.828571428571838 31.33995056812939
19.842857142857554 31.3504470766594
19.85714285714327 31.360932512569818
19.871428571428986 31.37140610787777
19.885714285714702 31.38186733496185
19.900000000000418 31.392315440492258
19.914285714286134 31.402750023217212
19.92857142857185 31.413169936468027
19.942857142857566 31.423575054716924
19.957142857143282 31.43396397673856
19.971428571428998 31.44433764694953
19.985714285714714 31.45469474467112
20.00000000000043 31.465035309448936
20.014285714286146 31.475359515409
20.028571428571862 31.485666528838202
20.042857142857578 31.495955222732402
20.057142857143294 31.50622194371227
20.07142857142901 31.516473846146585
20.085714285714726 31.526702800117
20.100000000000442 31.53691503487326
20.114285714286158 31.547107953426977
20.128571428571874 31.557281391978766
20.14285714285759 31.567433613255456
20.157142857143306 31.577563020686846
20.171428571429022 31.587672835238674
20.185714285714738 31.597763880686262
20.200000000000454 31.607835356629742
20.21428571428617 31.617891658535726
20.228571428571886 31.62792674192783
20.242857142857602 31.63794648390977
20.257142857143318 31.64795204366117
20.271428571429034 31.657938571527144
20.28571428571475 31.667909644591415
20.300000000000466 31.677862413339618
20.314285714286182 31.687800578459452
20.328571428571898 31.69772388529629
20.342857142857614 31.707633159010513
20.35714285714333 31.717528361186563
20.371428571429046 31.727410731836574
20.385714285714762 31.73728021843121
20.400000000000478 31.747137288397465
20.414285714286194 31.75698152689181
20.42857142857191 31.766813236094066
20.442857142857626 31.776632286722435
20.457142857143342 31.786438772725482
20.47142857142906 31.796233311280986
20.485714285714774 31.806015194791886
20.50000000000049 31.8157848189619
20.514285714286206 31.82554258585732
20.528571428571922 31.835288132486646
20.54285714285764 31.845021946249
20.557142857143354 31.854743396772463
20.57142857142907 31.864453241044338
20.585714285714786 31.874150934438173
20.600000000000502 31.883836783818964
20.61428571428622 31.893511337434326
20.628571428571934 31.903174547672236
20.64285714285765 31.912826463858952
20.657142857143366 31.922467326141728
20.671428571429082 31.93209698882532
20.6857142857148 31.941715121271645
20.700000000000514 31.95132263378509
20.71428571428623 31.96091942333207
20.728571428571946 31.970505504770365
20.742857142857662 31.980080889290935
20.75714285714338 31.98964561174763
20.771428571429094 31.99919961265331
20.78571428571481 32.00874285431196
20.800000000000527 32.01827526173116
20.814285714286243 32.027796705563674
20.82857142857196 32.03730703917642
20.842857142857675 32.04680609430155
20.85714285714339 32.05629364547764
20.871428571429107 32.065769437125475
20.885714285714823 32.07523321271658
20.90000000000054 32.08468466511255
20.914285714286255 32.09412353054954
20.92857142857197 32.10354953214883
20.942857142857687 32.11296241586397
20.957142857143403 32.12236194388136
20.97142857142912 32.131747921985344
20.985714285714835 32.1411201738226
21.00000000000055 32.15047857164286
21.014285714286267 32.15982302331054
21.028571428571983 32.169153458391726
21.0428571428577 32.17846986038549
21.057142857143415 32.18777222024931
21.07142857142913 32.197060552475364
21.085714285714847 32.20633488586804
21.100000000000563 32.2155952479816
21.11428571428628 32.22484166850089
21.128571428571995 32.23407417042304
21.14285714285771 32.24329277667068
21.157142857143427 32.25249751022539
21.171428571429143 32.261688408589976
21.18571428571486 32.2708655281079
21.200000000000575 32.28002895548
21.21428571428629 32.289178806563655
21.228571428572007 32.29831524306151
21.242857142857723 32.3074384418835
21.25714285714344 32.31654864096703
21.271428571429155 32.325646059906596
21.28571428571487 32.33473095751903
21.300000000000587 32.34380359945942
21.314285714286303 32.35286423054352
21.32857142857202 32.361913095276755
21.342857142857735 32.370950421034586
21.35714285714345 32.379976413300305
21.371428571429167 32.38899125049984
21.385714285714883 32.397995100001765
21.4000000000006 32.40698811843736
21.414285714286315 32.41597045062434
21.42857142857203 32.424942241324715
21.442857142857747 32.43390357843991
21.457142857143463 32.44285454947804
21.47142857142918 32.45179517597291
21.485714285714895 32.46072550717113
21.50000000000061 32.46964550545916
21.514285714286327 32.478555287754126
21.528571428572043 32.487454805023425
21.54285714285776 32.496344087967124
21.557142857143475 32.505223163461224
21.57142857142919 32.51409216116476
21.585714285714907 32.52295104236199
21.600000000000623 32.531799885873625
21.61428571428634 32.54063872795808
21.628571428572055 32.54946758724927
21.64285714285777 32.558286583917265
21.657142857143487 32.56709580758381
21.671428571429203 32.575895409980305
21.68571428571492 32.584685539559075
21.700000000000635 32.59346635556157
21.71428571428635 32.602238033548495
21.728571428572067 32.61100076418414
21.742857142857783 32.61975477364583
21.7571428571435 32.62850025120352
21.771428571429215 32.637237425209065
21.78571428571493 32.64596657361771
21.800000000000647 32.654688004855515
21.814285714286363 32.663402051699805
21.82857142857208 32.67210901706375
21.842857142857795 32.680809224054705
21.85714285714351 32.689502854091245
21.871428571429227 32.69818961793653
21.885714285714943 32.706872488938906
21.90000000000066 32.71554810198681
21.914285714286375 32.724218367011005
21.92857142857209 32.73288291770849
21.942857142857807 32.74154181456409
21.957142857143523 32.75019473469351
21.97142857142924 32.758841319404986
21.985714285714955 32.76748092516819
22.00000000000067 32.77611284777147
22.014285714286387 32.784736202582124
22.028571428572103 32.79334994616255
22.04285714285782 32.80195298189319
22.057142857143536 32.810544017876154
22.07142857142925 32.81912207550947
22.085714285714968 32.82768632427594
22.100000000000684 32.83623546127824
22.1142857142864 32.844769770175624
22.128571428572116 32.85328755189858
22.14285714285783 32.86178987320998
22.157142857143548 32.87027546599639
22.171428571429264 32.87874490450741
22.18571428571498 32.88719877692935
22.200000000000696 32.895636204095936
22.21428571428641 32.90405815277201
22.228571428572128 32.91246374999575
22.242857142857844 32.92085423090999
22.25714285714356 32.92922902762887
22.271428571429276 32.937588408356774
22.28571428571499 32.94593141299184
22.300000000000708 32.95425831295884
22.314285714286424 32.96256934438173
22.32857142857214 32.97086449484563
22.342857142857856 32.97914058773432
22.35714285714357 32.987411707994745
22.371428571429288 32.995655167746264
22.385714285715004 33.00388191421846
22.40000000000072 33.01209538856884
22.414285714286436 33.020290360148216
22.428571428572152 33.028466101007076
22.442857142857868 33.036621031150744
22.457142857143584 33.044755818092625
22.4714285714293 33.052873285181775
22.485714285715016 33.06096783225262
22.500000000000732 33.06904400978928
22.514285714286448 33.077102626783535
22.528571428572164 33.08514755469476
22.54285714285788 33.09317935073776
22.557142857143596 33.101196616731734
22.571428571429312 33.109202374882365
22.585714285715028 33.11719665321565
22.600000000000744 33.125177554709445
22.61428571428646 33.13314826719858
22.628571428572176 33.14110608279425
22.642857142857892 33.14905437871851
22.657142857143608 33.156992838175526
22.671428571429324 33.16492356242249
22.68571428571504 33.172843311280744
22.700000000000756 33.18075764371532
22.714285714286472 33.18865876225775
22.728571428572188 33.19656116152103
22.742857142857904 33.20444631484311
22.75714285714362 33.21232761427246
22.771428571429336 33.220207582614506
22.785714285715052 33.228073465126094
22.800000000000768 33.235929160222426
22.814285714286484 33.24378616976662
22.8285714285722 33.251634630603036
22.842857142857916 33.25948431934565
22.857142857143632 33.26732701687914
22.871428571429348 33.27517097056944
22.885714285715064 33.28300767944235
22.90000000000078 33.290851105911216
22.914285714286496 33.29869634269202
22.928571428572212 33.30654111739456
22.942857142857928 33.31440075699477
22.957142857143644 33.32227912373541
22.97142857142936 33.330163612630265
22.985714285715076 33.3380761696681
23.000000000000792 33.3460142259886
23.01428571428651 33.35398143635644
23.028571428572224 33.36198765619914
23.04285714285794 33.370028253374464
23.057142857143656 33.37810497555994
23.071428571429372 33.38620458332916
23.08571428571509 33.394312883615626
23.100000000000804 33.40242287738476
23.11428571428652 33.41050806318907
23.128571428572236 33.41854979976926
23.142857142857952 33.42654751038576
23.15714285714367 33.434492311130285
23.171428571429384 33.442370738106106
23.1857142857151 33.450198735107215
23.200000000000816 33.457971824868764
23.214285714286532 33.4657223708558
23.22857142857225 33.473407762831336
23.242857142857964 33.481046572911374
23.25714285714368 33.48851209296791
23.271428571429396 33.49601131707849
23.285714285715112 33.50380052765073
23.30000000000083 33.51103136793268
23.314285714286545 33.518768292726406
23.32857142857226 33.52589694108466
23.342857142857977 33.533389117157
23.357142857143693 33.54070416795942
23.37142857142941 33.548106533588346
23.385714285715125 33.555506379617256
23.40000000000084 33.56297757658801
23.414285714286557 33.5703557906362
23.428571428572273 33.57770721545311
23.44285714285799 33.58515073999458
23.457142857143705 33.592474977060874
23.47142857142942 33.59989486046524
23.485714285715137 33.60721405242113
23.500000000000853 33.61460945759884
23.51428571428657 33.621937665440655
23.528571428572285 33.62931147789641
23.542857142858 33.63663525816721
23.557142857143717 33.64398200619111
23.571428571429433 33.65130324006669
23.58571428571515 33.65861885640796
23.600000000000865 33.66593187747994
23.61428571428658 33.6732478001673
23.628571428572297 33.68056780313521
23.642857142858013 33.68789190466933
23.65714285714373 33.69522014102998
23.671428571429445 33.70255270912953
23.68571428571516 33.709889731833584
23.700000000000877 33.71723137635472
23.714285714286593 33.72457778317559
23.72857142857231 33.73192889623293
23.742857142858025 33.73928464096893
23.75714285714374 33.746644745035084
23.771428571429457 33.75400882955258
23.785714285715173 33.76137626520116
23.80000000000089 33.76874610014681
23.814285714286605 33.776117069976635
23.82857142857232 33.783487323767
23.842857142858037 33.79085398358393
23.857142857143753 33.798212861148414
23.87142857142947 33.80555797805349
23.885714285715185 33.81288080353087
23.9000000000009 33.82017016180651
23.914285714286617 33.827412906621504
23.928571428572333 33.83459581023159
23.94285714285805 33.8417085116623
23.957142857143765 33.8487471414217
23.97142857142948 33.855718569641326
23.985714285715197 33.86264202449866
24.000000000000913 33.86954293311991
24.01428571428663 33.876442958990566
24.028571428572345 33.88335524664785
24.04285714285806 33.89028617358653
24.057142857143777 33.89723812939315
24.071428571429493 33.90421134189709
24.08571428571521 33.911204904881046
24.100000000000925 33.91821721088342
24.11428571428664 33.92524613890527
24.128571428572357 33.932289191691474
24.142857142858073 33.93934353198226
24.15714285714379 33.946406156424025
24.171428571429505 33.953474126544606
24.18571428571522 33.96054486275844
24.200000000000937 33.967616543234236
24.214285714286653 33.97468836396264
24.22857142857237 33.98176024779305
24.242857142858085 33.9888323906883
24.2571428571438 33.99590464998183
24.271428571429517 34.002976277356275
24.285714285715233 34.01004782525756
24.30000000000095 34.01712146012012
24.314285714286665 34.0241997364839
24.32857142857238 34.03128467273029
24.342857142858097 34.03837775874
24.357142857143813 34.04547982151816
24.37142857142953 34.052591399461626
24.385714285715245 34.05971283855192
24.40000000000096 34.06684371732953
24.414285714286677 34.07398343025185
24.428571428572393 34.08113195361525
24.44285714285811 34.08828784404271
24.457142857143825 34.09545045639896
24.47142857142954 34.10261803606583
24.485714285715257 34.10978978112067
24.500000000000973 34.116963530027036
24.51428571428669 34.124137742036794
24.528571428572405 34.131310380039366
24.54285714285812 34.13847968799777
24.557142857143837 34.145643573966936
24.571428571429554 34.15280087856558
24.58571428571527 34.15994953337611
24.600000000000986 34.167088813003446
24.6142857142867 34.17421704088178
24.628571428572418 34.18133292511956
24.642857142858134 34.188436394284956
24.65714285714385 34.19552614664713
24.671428571429566 34.202602308377344
24.68571428571528 34.20966409857036
24.700000000000998 34.216711813562696
24.714285714286714 34.22374547367995
24.72857142857243 34.230765198912735
24.742857142858146 34.23777167581111
24.75714285714386 34.24476623459644
24.771428571429578 34.251750245074945
24.785714285715294 34.258726188799976
24.80000000000101 34.2656952511452
24.814285714286726 34.27264754840812
24.82857142857244 34.27959844590996
24.842857142858158 34.286550775101794
24.857142857143874 34.29350860622315
24.87142857142959 34.3004781743981
24.885714285715306 34.30746528647807
24.90000000000102 34.3144764118757
24.914285714286738 34.321515582104375
24.928571428572454 34.32858824344186
24.94285714285817 34.33569877448206
24.957142857143886 34.34285151355526
24.971428571429602 34.35004935512419
24.985714285715318 34.357291452915454
25.000000000001034 34.36457513913263
25.01428571428675 34.3718925258917
25.028571428572466 34.37923360298411
25.042857142858182 34.386583487207176
25.057142857143898 34.393928314204885
25.071428571429614 34.40125376411456
25.08571428571533 34.40854724849656
25.100000000001046 34.41579950605082
25.114285714286762 34.42300081851291
25.128571428572478 34.43013957647352
25.142857142858194 34.43721945164451
25.15714285714391 34.44424857023664
25.171428571429626 34.45122466607186
25.185714285715342 34.4581467202897
25.200000000001058 34.46501791660257
25.214285714286774 34.47182321592997
25.22857142857249 34.478575722147006
25.242857142858206 34.48527381176163
25.257142857143922 34.491919067949325
25.271428571429638 34.49851327685685
25.285714285715354 34.5050585837707
25.30000000000107 34.51155718251672
25.314285714286786 34.51801123601072
25.328571428572502 34.52442283023906
25.342857142858218 34.530793697724164
25.357142857143934 34.537125792321206
25.37142857142965 34.54342073078168
25.385714285715366 34.54968031731106
25.400000000001082 34.55590629593278
25.414285714286798 34.56210027381481
25.428571428572514 34.56826429849417
25.44285714285823 34.57440044315394
25.457142857143946 34.58051061598488
25.471428571429662 34.5865947897669
25.48571428571538 34.592654559155584
25.500000000001094 34.59869154940062
25.51428571428681 34.60470699865074
25.528571428572526 34.61070084186569
25.542857142858242 34.61667374145238
25.55714285714396 34.62262682324401
25.571428571429674 34.62855903014722
25.58571428571539 34.63447149646164
25.600000000001106 34.640364843156405
25.614285714286822 34.64623978937677
25.62857142857254 34.652096462736495
25.642857142858254 34.657935141564366
25.65714285714397 34.66375639104517
25.671428571429686 34.66956058251451
25.685714285715402 34.67534734781334
25.70000000000112 34.681117063998705
25.714285714286834 34.686870263600774
25.72857142857255 34.692606870928635
25.742857142858266 34.69832730244383
25.757142857143982 34.70403195569271
25.7714285714297 34.70972055087303
25.785714285715414 34.715393539793276
25.80000000000113 34.72105160607504
25.814285714286846 34.72669450492041
25.828571428572562 34.73232230938809
25.84285714285828 34.737935775009106
25.857142857143995 34.74353546204188
25.87142857142971 34.749121461080485
25.885714285715427 34.754693794337285
25.900000000001143 34.76025248155794
25.91428571428686 34.76579795617458
25.928571428572575 34.771330338595924
25.94285714285829 34.776849186309
25.957142857144007 34.78235584742195
25.971428571429723 34.78784905671294
25.98571428571544 34.79332971432401
26.000000000001155 34.79879758243781
26.01428571428687 34.80425006461034
26.028571428572587 34.80968595808507
26.042857142858303 34.81510195709818
26.05714285714402 34.82049919065177
26.071428571429735 34.8258787299632
26.08571428571545 34.831241328996335
26.100000000001167 34.836587936144056
26.114285714286883 34.841918238273
26.1285714285726 34.8472319598726
26.142857142858315 34.85252947187239
26.15714285714403 34.85781047094884
26.171428571429747 34.86307537210134
26.185714285715463 34.86832341357577
26.20000000000118 34.87355536858568
26.214285714286895 34.87877048699558
26.22857142857261 34.883968671237774
26.242857142858327 34.88915050483185
26.257142857144043 34.89431489437876
26.27142857142976 34.899462338221326
26.285714285715475 34.90459246301874
26.30000000000119 34.90970499002174
26.314285714286907 34.91480008266702
26.328571428572623 34.91987726253297
26.34285714285834 34.92493761273987
26.357142857144055 34.92997923879418
26.37142857142977 34.935002863340564
26.385714285715487 34.94000867381305
26.400000000001203 34.94499480927523
26.41428571428692 34.949961873111114
26.428571428572635 34.95490871861873
26.44285714285835 34.95983545346105
26.457142857144067 34.9647407417423
26.471428571429783 34.969624486809394
26.4857142857155 34.97448604856104
26.500000000001215 34.979324672829215
26.51428571428693 34.98414067292073
26.528571428572647 34.988933060112544
26.542857142858363 34.99370160096384
26.55714285714408 34.99844473852801
26.571428571429795 35.00316072969692
26.58571428571551 35.00784800483755
26.600000000001227 35.01250524105649
26.614285714286943 35.01713060436526
26.62857142857266 35.02172366176754
26.642857142858375 35.0262838870731
26.65714285714409 35.03081110137894
26.671428571429807 35.03530556948435
26.685714285715523 35.039766747856646
26.70000000000124 35.04419544055226
26.714285714286955 35.04859167841975
26.72857142857267 35.05295593044579
26.742857142858387 35.057289108933496
26.757142857144103 35.061592072751004
26.77142857142982 35.065865365125205
26.785714285715535 35.07011009651098
26.80000000000125 35.074326270433595
26.814285714286967 35.07851478110832
26.828571428572683 35.08267528826789
26.8428571428584 35.08680874929662
26.857142857144115 35.09091431029259
26.87142857142983 35.0949921870591
26.885714285715547 35.09904198702172
26.900000000001263 35.10306367116817
26.91428571428698 35.10705732688519
26.928571428572695 35.11102143597769
26.94285714285841 35.11495642690192
26.957142857144127 35.11886112800885
26.971428571429843 35.122735459309915
26.98571428571556 35.126578904726884
27.000000000001275 35.130390785988844
27.01428571428699 35.1341707677819
27.028571428572707 35.137919167610335
27.042857142858423 35.14163495597762
27.05714285714414 35.145318044010885
27.071428571429855 35.148968084128995
27.08571428571557 35.152584171360246
27.100000000001288 35.15616658284392
27.114285714287004 35.159714977465754
27.12857142857272 35.163227966755386
27.142857142858436 35.1667067482834
27.15714285714415 35.17014948714369
27.171428571429868 35.17355708521856
27.185714285715584 35.17692822695926
27.2000000000013 35.180263313944636
27.214285714287016 35.18356153603855
27.22857142857273 35.18682321747255
27.242857142858448 35.1900470861073
27.257142857144164 35.19323306177646
27.27142857142988 35.19638113920947
27.285714285715596 35.19949140439252
27.30000000000131 35.20256356411649
27.314285714287028 35.205597781310814
27.328571428572744 35.2085943993112
27.34285714285846 35.21155306715613
27.357142857144176 35.214471259211166
27.37142857142989 35.217348270039615
27.385714285715608 35.220184911624045
27.400000000001324 35.22297994412229
27.41428571428704 35.22573320321058
27.428571428572756 35.228445104324955
27.44285714285847 35.2311167626947
27.457142857144188 35.23374658379567
27.471428571429904 35.236333338254006
27.48571428571562 35.23888022706737
27.500000000001336 35.24138920709969
27.514285714287052 35.24386328335952
27.528571428572768 35.24631051472063
27.542857142858484 35.24873921332037
27.5571428571442 35.25117093683532
27.571428571429916 35.25361656861167
27.585714285715632 35.25608054747411
27.600000000001348 35.25857459304901
27.614285714287064 35.261108723186204
27.62857142857278 35.263690141369196
27.642857142858496 35.266324950973235
27.657142857144212 35.269014070891785
27.671428571429928 35.27175632360474
27.685714285715644 35.27454980483669
27.70000000000136 35.27738965682963
27.714285714287076 35.2802716594308
27.728571428572792 35.28318820992526
27.742857142858508 35.28613299042181
27.757142857144224 35.28909936436783
27.77142857142994 35.29208151625821
27.785714285715656 35.29507347302873
27.800000000001372 35.29806959747137
27.814285714287088 35.30106491806842
27.828571428572804 35.30405497592686
27.84285714285852 35.3070355663231
27.857142857144236 35.31000393115114
27.871428571429952 35.312955741432816
27.885714285715668 35.31588840298105
27.900000000001384 35.31879888237633
27.9142857142871 35.321684355099144
27.928571428572816 35.324542634981235
27.942857142858532 35.32737084836627
27.957142857144248 35.33016687899943
27.971428571429964 35.332930488774046
27.98571428571568 35.33565845542399
28.000000000001396 35.33835027845901
28.014285714287112 35.34100661028915
28.02857142857283 35.34362584882787
28.042857142858544 35.346206375562794
28.05714285714426 35.348748789139464
28.071428571429976 35.35125067637542
28.085714285715692 35.35371008170558
28.10000000000141 35.35612615307769
28.114285714287124 35.35849610887709
28.12857142857284 35.36081753332525
28.142857142858556 35.36308984177538
28.157142857144272 35.36531129086526
28.17142857142999 35.36747880318626
28.185714285715704 35.36959131647572
28.20000000000142 35.37164563253529
28.214285714287136 35.3736379356086
28.228571428572852 35.375562686433476
28.24285714285857 35.377414816441885
28.257142857144284 35.379185799495424
28.27142857143 35.380866521932845
28.285714285715716 35.38244469333189
28.300000000001432 35.383907567308334
28.31428571428715 35.38523826098291
28.328571428572864 35.38641693315392
28.34285714285858 35.387425146685295
28.357142857144296 35.3882739237037
28.371428571430013 35.3890754929993
28.38571428571573 35.38991211618474
28.400000000001445 35.39011603385756
28.41428571428716 35.390659320589776
28.428571428572877 35.391172061474194
28.442857142858593 35.39161820508803
28.45714285714431 35.39214608171054
28.471428571430025 35.392678781645735
28.48571428571574 35.39315349198034
28.500000000001457 35.393720294187034
28.514285714287173 35.39452351012675
28.52857142857289 35.39556480329325
28.542857142858605 35.39675977397447
28.55714285714432 35.398039093685426
28.571428571430037 35.39937323936169
28.585714285715753 35.4007611999147
28.60000000000147 35.40221069810317
28.614285714287185 35.40373148025171
28.6285714285729 35.40532656582263
28.642857142858617 35.40698861701532
28.657142857144333 35.40871407253178
28.67142857143005 35.4104959663771
28.685714285715765 35.41232432035758
28.70000000000148 35.41419706436677
28.714285714287197 35.416111986224344
28.728571428572913 35.418060169174645
28.74285714285863 35.4200400853695
28.757142857144345 35.422047488326506
28.77142857143006 35.42407365524986
28.785714285715777 35.42611560425546
28.800000000001493 35.42816729086611
28.81428571428721 35.43022255194914
28.828571428572925 35.43227806654488
28.84285714285864 35.43432844588542
28.857142857144357 35.436380308013696
28.871428571430073 35.438358128965824
28.88571428571579 35.440291061270074
28.900000000001505 35.442173609910945
28.91428571428722 35.444154229442155
28.928571428572937 35.44599077368936
28.942857142858653 35.44784057609492
28.95714285714437 35.449716673025414
28.971428571430085 35.451574921707376
28.9857142857158 35.45338371607697
29.000000000001517 35.45517400367771
29.014285714287233 35.45695322671736
29.02857142857295 35.458705165457175
29.042857142858665 35.460427243077326
29.05714285714438 35.46212076009122
29.071428571430097 35.46378410350003
29.085714285715813 35.46541556554847
29.10000000000153 35.46701330256564
29.114285714287245 35.468577420474304
29.12857142857296 35.470104434611585
29.142857142858677 35.471594298876
29.157142857144393 35.47304886233801
29.17142857143011 35.47446347932052
29.185714285715825 35.47583868534369
29.20000000000154 35.47717648290277
29.214285714287257 35.47847302516521
29.228571428572973 35.47972902973169
29.24285714285869 35.48094365250078
29.257142857144405 35.482117628927064
29.27142857143012 35.48325030000834
29.285714285715837 35.48434292945999
29.300000000001553 35.485393552113536
29.31428571428727 35.48640245327547
29.328571428572985 35.48737043146877
29.3428571428587 35.48829567702628
29.357142857144417 35.48917811349524
29.371428571430133 35.49001701215671
29.38571428571585 35.49081626515519
29.400000000001565 35.49157055754474
29.41428571428728 35.49227902464829
29.428571428572997 35.49294686356894
29.442857142858713 35.49357039645885
29.45714285714443 35.494147377071705
29.471428571430145 35.494683704777536
29.48571428571586 35.49517593207626
29.500000000001577 35.49562375199628
29.514285714287293 35.49603084815963
29.52857142857301 35.49639404699161
29.542857142858725 35.496712834271484
29.55714285714444 35.496990536629234
29.571428571430157 35.497224479957865
29.585714285715873 35.49741950154703
29.60000000000159 35.49756999928106
29.614285714287305 35.49767963485854
29.62857142857302 35.4977499402973
29.642857142858738 35.49777952277316
29.657142857144454 35.49777190119129
29.67142857143017 35.49772457117684
29.685714285715886 35.49764243175944
29.7000000000016 35.49752172432386
29.714285714287318 35.4973619724194
29.728571428573034 35.497168483595125
29.74285714285875 35.496939407171794
29.757142857144466 35.496674682741755
29.77142857143018 35.49637599478326
29.785714285715898 35.4960394726139
29.800000000001614 35.49567149089914
29.81428571428733 35.49526066076727
29.828571428573046 35.49481601683715
29.84285714285876 35.494324469410465
29.857142857144478 35.493797025424314
29.871428571430194 35.493223700364304
29.88571428571591 35.49259902399121
29.900000000001626 35.49191776979154
29.91428571428734 35.49118070886851
29.928571428573058 35.490377277848644
29.942857142858774 35.489505871316766
29.95714285714449 35.48856119600554
29.971428571430206 35.487533560384044
29.985714285715922 35.48642689591029
30.000000000001638 35.485252564798564
30.014285714287354 35.48399210520025
30.02857142857307 35.48270284155694
30.042857142858786 35.48132354417006
30.057142857144502 35.48007991070426
30.071428571430218 35.477966078889864
30.085714285715934 35.47633494347843
30.10000000000165 35.47495046872212
30.114285714287366 35.47232678979491
30.128571428573082 35.47051587535549
30.142857142858798 35.46829902017834
30.157142857144514 35.46601811780952
30.17142857143023 35.463492935427226
30.185714285715946 35.46056446345895
30.200000000001662 35.458050453631074
30.214285714287378 35.45568900505097
30.228571428573094 35.45304349381587
