0.0 0.0 0.0
0.0 1570.7963267948965 0.0
0.001 31415.92653589793 0.0038333079333543593
0.002 31415.92653589793 0.07687685619947737
0.003 31415.92653589793 0.08103815133277054
0.004 31415.92653589793 0.08481927711898034
0.005 31415.92653589793 0.08815307615433136
0.006 31415.92653589793 0.0911234355186607
0.007 31415.92653589793 0.09378333634755971
0.008 31415.92653589793 0.09617428323780777
0.009000000000000001 31415.92653589793 0.09833052893440938
0.010000000000000002 31415.92653589793 0.10028101134752893
0.011000000000000003 31415.92653589793 0.10205049488625101
0.012000000000000004 31415.92653589793 0.1036603459155454
0.013000000000000005 31415.92653589793 0.10512910371442813
0.014000000000000005 31415.92653589793 0.1064729219127726
0.015000000000000006 31415.92653589793 0.10770592081489128
0.016000000000000007 31415.92653589793 0.10884047485756096
0.017000000000000008 31415.92653589793 0.1098874509340465
0.01800000000000001 31415.92653589793 0.11085640839311514
0.01900000000000001 31415.92653589793 0.11175576846817134
0.02000000000000001 31415.92653589793 0.1125929588900486
0.02100000000000001 31415.92653589793 0.11337453806793708
0.022000000000000013 31415.92653589793 0.11410630225321532
0.023000000000000013 31415.92653589793 0.11479337839507481
0.024000000000000014 31415.92653589793 0.11544030486990038
0.025000000000000015 31415.92653589793 0.11605110186570342
0.026000000000000016 31415.92653589793 0.11662933289195998
0.027000000000000017 31415.92653589793 0.11717815864066437
0.028000000000000018 31415.92653589793 0.11770038422902439
0.02900000000000002 31415.92653589793 0.11819850069628056
0.03000000000000002 31415.92653589793 0.11867472149798536
0.03100000000000002 31415.92653589793 0.11913101463428898
0.03200000000000002 31415.92653589793 0.11956913096018183
0.03300000000000002 31415.92653589793 0.11999062915082964
0.03400000000000002 31415.92653589793 0.12039689773204765
0.035000000000000024 31415.92653589793 0.12078917453257358
0.036000000000000025 31415.92653589793 0.1211685638686822
0.037000000000000026 31415.92653589793 0.12153605173243845
0.03800000000000003 31415.92653589793 0.12189251922106605
0.03900000000000003 31415.92653589793 0.12223875441523727
0.04000000000000003 31415.92653589793 0.12257546288898521
0.04100000000000003 31415.92653589793 0.12290327701145758
0.04200000000000003 31415.92653589793 0.12322276418163475
0.04300000000000003 31415.92653589793 0.12353443412012209
0.04400000000000003 31415.92653589793 0.12383874532744198
0.04500000000000003 31415.92653589793 0.12413611080523504
0.046000000000000034 31415.92653589793 0.12442690312548285
0.047000000000000035 31415.92653589793 0.12471145892277562
0.048000000000000036 31415.92653589793 0.12499008287601587
0.04900000000000004 31415.92653589793 0.12526305123817838
0.05000000000000004 31415.92653589793 0.12553061496579265
0.05100000000000004 31415.92653589793 0.12579300249407055
0.05200000000000004 31415.92653589793 0.12605042219807613
0.05300000000000004 31415.92653589793 0.12630306457581283
0.05400000000000004 31415.92653589793 0.12655110418496576
0.05500000000000004 31415.92653589793 0.12679470136122176
0.05600000000000004 31415.92653589793 0.1270340037431466
0.057000000000000044 31415.92653589793 0.12726914762558875
0.058000000000000045 31415.92653589793 0.12750025916098195
0.059000000000000045 31415.92653589793 0.12772745542599231
0.060000000000000046 31415.92653589793 0.12795084536853832
0.06100000000000005 31415.92653589793 0.12817053064897915
0.06200000000000005 31415.92653589793 0.12838660638730864
0.06300000000000004 31415.92653589793 0.12859916182698525
0.06400000000000004 31415.92653589793 0.12880828092493246
0.06500000000000004 31415.92653589793 0.12901404287598042
0.06600000000000004 31415.92653589793 0.12921652257913163
0.06700000000000005 31415.92653589793 0.12941579105225717
0.06800000000000005 31415.92653589793 0.12961191580107925
0.06900000000000005 31415.92653589793 0.1298049611474642
0.07000000000000005 31415.92653589793 0.12999498852174418
0.07100000000000005 31415.92653589793 0.13018205672307828
0.07200000000000005 31415.92653589793 0.13036622215137814
0.07300000000000005 31415.92653589793 0.13054753901412872
0.07400000000000005 31415.92653589793 0.13072605951075458
0.07500000000000005 31415.92653589793 0.13090183399722435
0.07600000000000005 31415.92653589793 0.13107491113298878
0.07700000000000005 31415.92653589793 0.13124533801227842
0.07800000000000006 31415.92653589793 0.13141316028153763
0.07900000000000006 31415.92653589793 0.13157842224443753
0.08000000000000006 31415.92653589793 0.1317411669560092
0.08100000000000006 31415.92653589793 0.13190143630703463
0.08200000000000006 31415.92653589793 0.13205927109970814
0.08300000000000006 31415.92653589793 0.13221471111562375
0.08400000000000006 31415.92653589793 0.1323677951770458
0.08500000000000006 31415.92653589793 0.13251856120192027
0.08600000000000006 31415.92653589793 0.13266704625359899
0.08700000000000006 31415.92653589793 0.1328132865856926
0.08800000000000006 31415.92653589793 0.13295731768273267
0.08900000000000007 31415.92653589793 0.13309917429687804
0.09000000000000007 31415.92653589793 0.1332388904813746
0.09100000000000007 31415.92653589793 0.13337649962090573
0.09200000000000007 31415.92653589793 0.13351203445929252
0.09300000000000007 31415.92653589793 0.13364552712476507
0.09400000000000007 31415.92653589793 0.13377700915311083
0.09500000000000007 31415.92653589793 0.13390651150892133
0.09600000000000007 31415.92653589793 0.1340340646050905
0.09700000000000007 31415.92653589793 0.13415969832085595
0.09800000000000007 31415.92653589793 0.13428344201841041
0.09900000000000007 31415.92653589793 0.13440532455834794
0.10000000000000007 31415.92653589793 0.13452537431399958
0.10100000000000008 31415.92653589793 0.13464361918472825
0.10200000000000008 31415.92653589793 0.13476008660847444
0.10300000000000008 31415.92653589793 0.13487480357339934
0.10400000000000008 31415.92653589793 0.13498779662887644
0.10500000000000008 31415.92653589793 0.13509909189581634
0.10600000000000008 31415.92653589793 0.13520871507645063
0.10700000000000008 31415.92653589793 0.13531669146354688
0.10800000000000008 31415.92653589793 0.13542304594917912
0.10900000000000008 31415.92653589793 0.13552780303309656
0.11000000000000008 31415.92653589793 0.13563098683067512
0.11100000000000008 31415.92653589793 0.13573262108050888
0.11200000000000009 31415.92653589793 0.1358327291517097
0.11300000000000009 31415.92653589793 0.13593133405091554
0.11400000000000009 31415.92653589793 0.1360284584289794
0.11500000000000009 31415.92653589793 0.13612412458749215
0.11600000000000009 31415.92653589793 0.13621835448505504
0.11700000000000009 31415.92653589793 0.13631116974326113
0.11800000000000009 31415.92653589793 0.13640259165262114
0.11900000000000009 31415.92653589793 0.13649264117821167
0.12000000000000009 31415.92653589793 0.1365813389652124
0.1210000000000001 31415.92653589793 0.1366687053442769
0.1220000000000001 31415.92653589793 0.13675476033670883
0.1230000000000001 31415.92653589793 0.13683952365959706
0.1240000000000001 31415.92653589793 0.13692301473076973
0.12500000000000008 31415.92653589793 0.13700525267359612
0.12600000000000008 31415.92653589793 0.1370862563217883
0.12700000000000009 31415.92653589793 0.13716604422396697
0.12800000000000009 31415.92653589793 0.13724463464819947
0.1290000000000001 31415.92653589793 0.1373220455864962
0.1300000000000001 31415.92653589793 0.13739829475902943
0.1310000000000001 31415.92653589793 0.13747339961850485
0.1320000000000001 31415.92653589793 0.13754737735424166
0.1330000000000001 31415.92653589793 0.13762024489634966
0.1340000000000001 31415.92653589793 0.13769201891967064
0.1350000000000001 31415.92653589793 0.1377627158477336
0.1360000000000001 31415.92653589793 0.13783235185668208
0.1370000000000001 31415.92653589793 0.13790094287899332
0.1380000000000001 31415.92653589793 0.13796850460726715
0.1390000000000001 31415.92653589793 0.13803505249788947
0.1400000000000001 31415.92653589793 0.13810060177461292
0.1410000000000001 31415.92653589793 0.13816516743213716
0.1420000000000001 31415.92653589793 0.13822876423959235
0.1430000000000001 31415.92653589793 0.13829140674393908
0.1440000000000001 31415.92653589793 0.1383531092733825
0.1450000000000001 31415.92653589793 0.13841388594066115
0.1460000000000001 31415.92653589793 0.1384737506463499
0.1470000000000001 31415.92653589793 0.13853271708201037
0.1480000000000001 31415.92653589793 0.13859079873342425
0.1490000000000001 31415.92653589793 0.13864800888368825
0.1500000000000001 31415.92653589793 0.13870436061622535
0.1510000000000001 31415.92653589793 0.13875986681785202
0.1520000000000001 31415.92653589793 0.13881454018176173
0.1530000000000001 31415.92653589793 0.138868393210384
0.1540000000000001 31415.92653589793 0.1389214382183124
0.1550000000000001 31415.92653589793 0.13897368733513576
0.1560000000000001 31415.92653589793 0.1390251525081998
0.1570000000000001 31415.92653589793 0.13907584550536878
0.1580000000000001 31415.92653589793 0.13912577791771785
0.1590000000000001 31415.92653589793 0.13917496116222539
0.16000000000000011 31415.92653589793 0.13922340648434015
0.16100000000000012 31415.92653589793 0.1392711249606322
0.16200000000000012 31415.92653589793 0.13931812750127698
0.16300000000000012 31415.92653589793 0.13936442485259476
0.16400000000000012 31415.92653589793 0.1394100275994934
0.16500000000000012 31415.92653589793 0.13945494616791054
0.16600000000000012 31415.92653589793 0.13949919082720091
0.16700000000000012 31415.92653589793 0.13954277169248144
0.16800000000000012 31415.92653589793 0.13958569872697663
0.16900000000000012 31415.92653589793 0.13962798174426688
0.17000000000000012 31415.92653589793 0.1396696304105643
0.17100000000000012 31415.92653589793 0.1397106542469332
0.17200000000000013 31415.92653589793 0.13975106263144133
0.17300000000000013 31415.92653589793 0.13979086480133826
0.17400000000000013 31415.92653589793 0.13983006985515142
0.17500000000000013 31415.92653589793 0.1398686867547813
0.17600000000000013 31415.92653589793 0.13990672432758336
0.17700000000000013 31415.92653589793 0.1399441912683384
0.17800000000000013 31415.92653589793 0.13998109614125123
0.17900000000000013 31415.92653589793 0.14001744738196278
0.18000000000000013 31415.92653589793 0.1400532532994237
0.18100000000000013 31415.92653589793 0.14008852207785105
0.18200000000000013 31415.92653589793 0.1401232617785463
0.18300000000000013 31415.92653589793 0.14015748034178283
0.18400000000000014 31415.92653589793 0.14019118558860982
0.18500000000000014 31415.92653589793 0.14022438522265662
0.18600000000000014 31415.92653589793 0.14025708683186727
0.18700000000000014 31415.92653589793 0.14028929789027691
0.18800000000000014 31415.92653589793 0.14032102575969105
0.18900000000000014 31415.92653589793 0.14035227769137862
0.19000000000000014 31415.92653589793 0.14038306082773727
0.19100000000000014 31415.92653589793 0.1404133822039588
0.19200000000000014 31415.92653589793 0.1404432487495834
0.19300000000000014 31415.92653589793 0.14047266729012328
0.19400000000000014 31415.92653589793 0.14050164454858943
0.19500000000000015 31415.92653589793 0.14053018714711513
0.19600000000000015 31415.92653589793 0.14055830160835772
0.19700000000000015 31415.92653589793 0.14058599435708055
0.19800000000000015 31415.92653589793 0.14061327172156868
0.19900000000000015 31415.92653589793 0.14064013993514146
0.20000000000000015 31415.92653589793 0.14066660513748472
0.20100000000000015 31415.92653589793 0.14069267337614977
0.20200000000000015 31415.92653589793 0.14071835060789936
0.20300000000000015 31415.92653589793 0.14074364270004003
0.20400000000000015 31415.92653589793 0.1407685554318238
0.20500000000000015 31415.92653589793 0.14079309449575259
0.20600000000000016 31415.92653589793 0.14081726549882728
0.20700000000000016 31415.92653589793 0.14084107396392165
0.20800000000000016 31415.92653589793 0.14086452533097577
0.20900000000000016 31415.92653589793 0.14088762495827278
0.21000000000000016 31415.92653589793 0.14091037812367413
0.21100000000000016 31415.92653589793 0.14093279002578518
0.21200000000000016 31415.92653589793 0.14095486578519037
0.21300000000000016 31415.92653589793 0.14097661044560503
0.21400000000000016 31415.92653589793 0.14099802897504118
0.21500000000000016 31415.92653589793 0.14101912626690397
0.21600000000000016 31415.92653589793 0.1410399071411849
0.21700000000000016 31415.92653589793 0.14106037634548893
0.21800000000000017 31415.92653589793 0.14108053855617259
0.21900000000000017 31415.92653589793 0.1411003983793985
0.22000000000000017 31415.92653589793 0.14111996035219004
0.22100000000000017 31415.92653589793 0.14113922894345857
0.22200000000000017 31415.92653589793 0.14115820855503014
0.22300000000000017 31415.92653589793 0.1411769035226725
0.22400000000000017 31415.92653589793 0.14119531811708055
0.22500000000000017 31415.92653589793 0.14121345654481984
0.22600000000000017 31415.92653589793 0.14123132294932592
0.22700000000000017 31415.92653589793 0.14124892141184792
0.22800000000000017 31415.92653589793 0.14126625595237852
0.22900000000000018 31415.92653589793 0.14128333053056968
0.23000000000000018 31415.92653589793 0.1413001490466348
0.23100000000000018 31415.92653589793 0.14131671534225082
0.23200000000000018 31415.92653589793 0.14133303320143245
0.23300000000000018 31415.92653589793 0.14134910635140654
0.23400000000000018 31415.92653589793 0.14136493846344458
0.23500000000000018 31415.92653589793 0.14138053315372334
0.23600000000000018 31415.92653589793 0.1413958939841436
0.23700000000000018 31415.92653589793 0.14141102446316262
0.23800000000000018 31415.92653589793 0.1414259280465439
0.23900000000000018 31415.92653589793 0.14144060813821724
0.24000000000000019 31415.92653589793 0.1414550680910145
0.2410000000000002 31415.92653589793 0.1414693112074467
0.2420000000000002 31415.92653589793 0.14148334074045338
0.2430000000000002 31415.92653589793 0.14149715989416586
0.2440000000000002 31415.92653589793 0.1415107718246151
0.2450000000000002 31415.92653589793 0.14152417964046715
0.2460000000000002 31415.92653589793 0.14153738640375876
0.2470000000000002 31415.92653589793 0.14155039513053552
0.2480000000000002 31415.92653589793 0.14156320879158776
0.2490000000000002 31415.92653589793 0.1415758303131441
0.25000000000000017 31415.92653589793 0.14158826257751
0.25100000000000017 31415.92653589793 0.14160050842372002
0.25200000000000017 31415.92653589793 0.14161257064820382
0.25300000000000017 31415.92653589793 0.1416244520054386
0.25400000000000017 31415.92653589793 0.14163615520854567
0.25500000000000017 31415.92653589793 0.14164768292995675
0.25600000000000017 31415.92653589793 0.1416590378019967
0.2570000000000002 31415.92653589793 0.14167022241745258
0.2580000000000002 31415.92653589793 0.1416812393302398
0.2590000000000002 31415.92653589793 0.14169209105591546
0.2600000000000002 31415.92653589793 0.1417027800723308
0.2610000000000002 31415.92653589793 0.14171330882011687
0.2620000000000002 31415.92653589793 0.14172367970328112
0.2630000000000002 31415.92653589793 0.1417338950897766
0.2640000000000002 31415.92653589793 0.14174395731201528
0.2650000000000002 31415.92653589793 0.14175386866740944
0.2660000000000002 31415.92653589793 0.14176363141888498
0.2670000000000002 31415.92653589793 0.14177324779540887
0.2680000000000002 31415.92653589793 0.1417827199925304
0.2690000000000002 31415.92653589793 0.14179205017282517
0.2700000000000002 31415.92653589793 0.1418012404664226
0.2710000000000002 31415.92653589793 0.14181029297150535
0.2720000000000002 31415.92653589793 0.14181920975475357
0.2730000000000002 31415.92653589793 0.14182799285184444
0.2740000000000002 31415.92653589793 0.14183664426791007
0.2750000000000002 31415.92653589793 0.1418451659779817
0.2760000000000002 31415.92653589793 0.14185355992748921
0.2770000000000002 31415.92653589793 0.141861828032622
0.2780000000000002 31415.92653589793 0.14186997218087022
0.2790000000000002 31415.92653589793 0.14187799423135783
0.2800000000000002 31415.92653589793 0.141885896015356
0.2810000000000002 31415.92653589793 0.1418936793366163
0.2820000000000002 31415.92653589793 0.1419013459718564
0.2830000000000002 31415.92653589793 0.1419088976711347
0.2840000000000002 31415.92653589793 0.14191633615822505
0.2850000000000002 31415.92653589793 0.1419236631310609
0.2860000000000002 31415.92653589793 0.14193088026209608
0.2870000000000002 31415.92653589793 0.14193798919869335
0.2880000000000002 31415.92653589793 0.14194499156348525
0.2890000000000002 31415.92653589793 0.1419518889547905
0.2900000000000002 31415.92653589793 0.1419586829468914
0.2910000000000002 31415.92653589793 0.14196537509051976
0.2920000000000002 31415.92653589793 0.14197196691307867
0.2930000000000002 31415.92653589793 0.14197845991910082
0.2940000000000002 31415.92653589793 0.1419848555905118
0.2950000000000002 31415.92653589793 0.14199115538703286
0.2960000000000002 31415.92653589793 0.14199736074647218
0.2970000000000002 31415.92653589793 0.14200347308507183
0.2980000000000002 31415.92653589793 0.1420094937977993
0.2990000000000002 31415.92653589793 0.14201542425873598
0.3000000000000002 31415.92653589793 0.14202126582132693
0.3010000000000002 31415.92653589793 0.14202701981870025
0.3020000000000002 31415.92653589793 0.14203268756399992
0.3030000000000002 31415.92653589793 0.1420382703506774
0.3040000000000002 31415.92653589793 0.1420437694527691
0.3050000000000002 31415.92653589793 0.1420491861251878
0.3060000000000002 31415.92653589793 0.14205452160402807
0.3070000000000002 31415.92653589793 0.14205977710685763
0.3080000000000002 31415.92653589793 0.14206495383295323
0.3090000000000002 31415.92653589793 0.14207005296361988
0.3100000000000002 31415.92653589793 0.14207507566242683
0.3110000000000002 31415.92653589793 0.1420800230754851
0.3120000000000002 31415.92653589793 0.1420848963317387
0.3130000000000002 31415.92653589793 0.14208969654315937
0.3140000000000002 31415.92653589793 0.14209442480506532
0.3150000000000002 31415.92653589793 0.1420990821963296
0.3160000000000002 31415.92653589793 0.14210366977965774
0.3170000000000002 31415.92653589793 0.14210818860179572
0.3180000000000002 31415.92653589793 0.14211263969379379
0.31900000000000023 31415.92653589793 0.1421170240712284
0.32000000000000023 31415.92653589793 0.142121342734466
0.32100000000000023 31415.92653589793 0.14212559666882957
0.32200000000000023 31415.92653589793 0.14212978684490374
0.32300000000000023 31415.92653589793 0.14213391421867383
0.32400000000000023 31415.92653589793 0.14213797973180323
0.32500000000000023 31415.92653589793 0.14214198431184163
0.32600000000000023 31415.92653589793 0.14214592887240543
0.32700000000000023 31415.92653589793 0.14214981431342752
0.32800000000000024 31415.92653589793 0.14215364152130996
0.32900000000000024 31415.92653589793 0.1421574113692015
0.33000000000000024 31415.92653589793 0.14216112471712247
0.33100000000000024 31415.92653589793 0.14216478241218697
0.33200000000000024 31415.92653589793 0.14216838528883863
0.33300000000000024 31415.92653589793 0.14217193416897544
0.33400000000000024 31415.92653589793 0.14217542986217213
0.33500000000000024 31415.92653589793 0.14217887316587402
0.33600000000000024 31415.92653589793 0.14218226486553626
0.33700000000000024 31415.92653589793 0.14218560573487316
0.33800000000000024 31415.92653589793 0.14218889653596958
0.33900000000000025 31415.92653589793 0.14219213801947508
0.34000000000000025 31415.92653589793 0.14219533092479816
0.34100000000000025 31415.92653589793 0.1421984759802451
0.34200000000000025 31415.92653589793 0.14220157390318655
0.34300000000000025 31415.92653589793 0.1422046254002655
0.34400000000000025 31415.92653589793 0.14220763116750854
0.34500000000000025 31415.92653589793 0.1422105918904923
0.34600000000000025 31415.92653589793 0.1422135082445376
0.34700000000000025 31415.92653589793 0.14221638089480687
0.34800000000000025 31415.92653589793 0.1422192104964982
0.34900000000000025 31415.92653589793 0.14222199769501193
0.35000000000000026 31415.92653589793 0.1422247431260202
0.35100000000000026 31415.92653589793 0.1422274474156887
0.35200000000000026 31415.92653589793 0.14223011118078807
0.35300000000000026 31415.92653589793 0.1422327350288322
0.35400000000000026 31415.92653589793 0.1422353195582314
0.35500000000000026 31415.92653589793 0.14223786535843072
0.35600000000000026 31415.92653589793 0.14224037301002138
0.35700000000000026 31415.92653589793 0.1422428430848792
0.35800000000000026 31415.92653589793 0.14224527614631746
0.35900000000000026 31415.92653589793 0.14224767274921174
0.36000000000000026 31415.92653589793 0.14225003344008322
0.36100000000000027 31415.92653589793 0.14225235875729286
0.36200000000000027 31415.92653589793 0.1422546492310971
0.36300000000000027 31415.92653589793 0.1422569053838281
0.36400000000000027 31415.92653589793 0.1422591277299632
0.36500000000000027 31415.92653589793 0.14226131677627757
0.36600000000000027 31415.92653589793 0.1422634730219413
0.36700000000000027 31415.92653589793 0.14226559695863059
0.36800000000000027 31415.92653589793 0.14226768907066634
0.36900000000000027 31415.92653589793 0.14226974983509746
0.3700000000000003 31415.92653589793 0.14227177972181204
0.3710000000000003 31415.92653589793 0.14227377919366196
0.3720000000000003 31415.92653589793 0.14227574870656037
0.3730000000000003 31415.92653589793 0.1422776887095647
0.3740000000000003 31415.92653589793 0.1422795996450294
0.3750000000000003 31415.92653589793 0.14228148194864762
0.3760000000000003 31415.92653589793 0.14228333604958998
0.3770000000000003 31415.92653589793 0.14228516237058772
0.3780000000000003 31415.92653589793 0.14228696132804391
0.3790000000000003 31415.92653589793 0.14228873333210262
0.3800000000000003 31415.92653589793 0.14229047878677406
0.3810000000000003 31415.92653589793 0.14229219809000376
0.3820000000000003 31415.92653589793 0.14229389163375594
0.3830000000000003 31415.92653589793 0.1422955598041246
0.3840000000000003 31415.92653589793 0.1422972029814443
0.3850000000000003 31415.92653589793 0.14229882154029044
0.3860000000000003 31415.92653589793 0.1423004158496734
0.3870000000000003 31415.92653589793 0.14230198627305243
0.3880000000000003 31415.92653589793 0.14230353316843283
0.3890000000000003 31415.92653589793 0.14230505688843528
0.3900000000000003 31415.92653589793 0.14230655778042078
0.3910000000000003 31415.92653589793 0.14230803618654628
0.3920000000000003 31415.92653589793 0.142309492443806
0.3930000000000003 31415.92653589793 0.14231092688417055
0.3940000000000003 31415.92653589793 0.14231233983462835
0.3950000000000003 31415.92653589793 0.14231373161725505
0.3960000000000003 31415.92653589793 0.14231510254928306
0.3970000000000003 31415.92653589793 0.14231645294322626
0.3980000000000003 31415.92653589793 0.14231778310689397
0.3990000000000003 31415.92653589793 0.14231909334347423
0.4000000000000003 31415.92653589793 0.142320383951617
0.4010000000000003 31415.92653589793 0.14232165522548976
0.4020000000000003 31415.92653589793 0.14232290745484685
0.4030000000000003 31415.92653589793 0.14232414092511272
0.4040000000000003 31415.92653589793 0.14232535591742357
0.4050000000000003 31415.92653589793 0.14232655270869682
0.4060000000000003 31415.92653589793 0.14232773157170034
0.4070000000000003 31415.92653589793 0.142328892775122
0.4080000000000003 31415.92653589793 0.1423300365836112
0.4090000000000003 31415.92653589793 0.14233116325784828
0.4100000000000003 31415.92653589793 0.14233227305460014
0.4110000000000003 31415.92653589793 0.14233336622681714
0.4120000000000003 31415.92653589793 0.1423344430236056
0.4130000000000003 31415.92653589793 0.1423355036903803
0.4140000000000003 31415.92653589793 0.14233654846886457
0.4150000000000003 31415.92653589793 0.1423375775971457
0.4160000000000003 31415.92653589793 0.14233859130975832
0.4170000000000003 31415.92653589793 0.14233958983771208
0.4180000000000003 31415.92653589793 0.1423405734085472
0.4190000000000003 31415.92653589793 0.14234154224640377
0.4200000000000003 31415.92653589793 0.1423424965720636
0.4210000000000003 31415.92653589793 0.14234343660297769
0.4220000000000003 31415.92653589793 0.14234436255336358
0.4230000000000003 31415.92653589793 0.14234527463423302
0.4240000000000003 31415.92653589793 0.14234617305339203
0.4250000000000003 31415.92653589793 0.14234705801556571
0.4260000000000003 31415.92653589793 0.14234792972239835
0.4270000000000003 31415.92653589793 0.14234878837252263
0.4280000000000003 31415.92653589793 0.1423496341615877
0.4290000000000003 31415.92653589793 0.14235046728230047
0.4300000000000003 31415.92653589793 0.1423512879244952
0.4310000000000003 31415.92653589793 0.14235209627514733
0.43200000000000033 31415.92653589793 0.142352892518429
0.43300000000000033 31415.92653589793 0.1423536768357645
0.43400000000000033 31415.92653589793 0.1423544494058442
0.43500000000000033 31415.92653589793 0.142355210404694
0.43600000000000033 31415.92653589793 0.14235596000568912
0.43700000000000033 31415.92653589793 0.14235669837960957
0.43800000000000033 31415.92653589793 0.14235742569468188
0.43900000000000033 31415.92653589793 0.142358142116593
0.44000000000000034 31415.92653589793 0.14235884780857344
0.44100000000000034 31415.92653589793 0.14235954293138348
0.44200000000000034 31415.92653589793 0.14236022764338258
0.44300000000000034 31415.92653589793 0.1423609021005571
0.44400000000000034 31415.92653589793 0.14236156645656184
0.44500000000000034 31415.92653589793 0.14236222086273412
0.44600000000000034 31415.92653589793 0.1423628654681491
0.44700000000000034 31415.92653589793 0.14236350041964765
0.44800000000000034 31415.92653589793 0.14236412586187802
0.44900000000000034 31415.92653589793 0.1423647419373095
0.45000000000000034 31415.92653589793 0.1423653487862743
0.45100000000000035 31415.92653589793 0.14236594654700907
0.45200000000000035 31415.92653589793 0.14236653535568267
0.45300000000000035 31415.92653589793 0.14236711534641003
0.45400000000000035 31415.92653589793 0.1423676866512938
0.45500000000000035 31415.92653589793 0.14236824940047987
0.45600000000000035 31415.92653589793 0.14236880372212962
0.45700000000000035 31415.92653589793 0.14236934974251708
0.45800000000000035 31415.92653589793 0.14236988758601488
0.45900000000000035 31415.92653589793 0.14237041737510847
0.46000000000000035 31415.92653589793 0.14237093923046518
0.46100000000000035 31415.92653589793 0.14237145327096212
0.46200000000000035 31415.92653589793 0.14237195961365845
0.46300000000000036 31415.92653589793 0.1423724583738786
0.46400000000000036 31415.92653589793 0.1423729496652261
0.46500000000000036 31415.92653589793 0.14237343359958368
0.46600000000000036 31415.92653589793 0.14237391028716875
0.46700000000000036 31415.92653589793 0.14237437983653337
0.46800000000000036 31415.92653589793 0.1423748423546336
0.46900000000000036 31415.92653589793 0.14237529794678805
0.47000000000000036 31415.92653589793 0.142375746716747
0.47100000000000036 31415.92653589793 0.14237618876673425
0.47200000000000036 31415.92653589793 0.1423766241973915
0.47300000000000036 31415.92653589793 0.14237705310788945
0.47400000000000037 31415.92653589793 0.14237747559589994
0.47500000000000037 31415.92653589793 0.14237789175762383
0.47600000000000037 31415.92653589793 0.14237830168784635
0.47700000000000037 31415.92653589793 0.1423787054798957
0.47800000000000037 31415.92653589793 0.1423791032257399
0.47900000000000037 31415.92653589793 0.14237949501593158
0.48000000000000037 31415.92653589793 0.142379880939691
0.48100000000000037 31415.92653589793 0.1423802610849062
0.4820000000000004 31415.92653589793 0.14238063553811903
0.4830000000000004 31415.92653589793 0.14238100438459467
0.4840000000000004 31415.92653589793 0.14238136770832147
0.4850000000000004 31415.92653589793 0.14238172559202492
0.4860000000000004 31415.92653589793 0.1423820781171954
0.4870000000000004 31415.92653589793 0.14238242536410198
0.4880000000000004 31415.92653589793 0.14238276741179262
0.4890000000000004 31415.92653589793 0.1423831043381494
0.4900000000000004 31415.92653589793 0.14238343621988878
0.4910000000000004 31415.92653589793 0.14238376313257525
0.4920000000000004 31415.92653589793 0.14238408515063547
0.4930000000000004 31415.92653589793 0.14238440234737182
0.4940000000000004 31415.92653589793 0.14238471479500436
0.4950000000000004 31415.92653589793 0.14238502256467064
0.4960000000000004 31415.92653589793 0.14238532572643958
0.4970000000000004 31415.92653589793 0.14238562434932545
0.4980000000000004 31415.92653589793 0.1423859185013016
0.4990000000000004 31415.92653589793 0.1423862082493562
0.5000000000000003 31415.92653589793 0.1423864936594364
0.5010000000000003 31415.92653589793 0.14238677479650413
0.5020000000000003 31415.92653589793 0.14238705172457772
0.5030000000000003 31415.92653589793 0.14238732450669
0.5040000000000003 31415.92653589793 0.1423875932049302
0.5050000000000003 31415.92653589793 0.14238785788047162
0.5060000000000003 31415.92653589793 0.14238811859355774
0.5070000000000003 31415.92653589793 0.14238837540354385
0.5080000000000003 31415.92653589793 0.14238862836886934
0.5090000000000003 31415.92653589793 0.14238887754714083
0.5100000000000003 31415.92653589793 0.1423891229950492
0.5110000000000003 31415.92653589793 0.1423893647684802
0.5120000000000003 31415.92653589793 0.14238960292245928
0.5130000000000003 31415.92653589793 0.1423898375111931
0.5140000000000003 31415.92653589793 0.1423900685880834
0.5150000000000003 31415.92653589793 0.14239029620572696
0.5160000000000003 31415.92653589793 0.14239052041591568
0.5170000000000003 31415.92653589793 0.14239074126969212
0.5180000000000003 31415.92653589793 0.14239095881730768
0.5190000000000003 31415.92653589793 0.14239117310829222
0.5200000000000004 31415.92653589793 0.14239138419141228
0.5210000000000004 31415.92653589793 0.14239159211469887
0.5220000000000004 31415.92653589793 0.14239179692548914
0.5230000000000004 31415.92653589793 0.14239199867037083
0.5240000000000004 31415.92653589793 0.1423921973952794
0.5250000000000004 31415.92653589793 0.14239239314544255
0.5260000000000004 31415.92653589793 0.14239258596539411
0.5270000000000004 31415.92653589793 0.1423927758990018
0.5280000000000004 31415.92653589793 0.14239296298952264
0.5290000000000004 31415.92653589793 0.14239314727951982
0.5300000000000004 31415.92653589793 0.14239332881091815
0.5310000000000004 31415.92653589793 0.14239350762503178
0.5320000000000004 31415.92653589793 0.14239368376256425
0.5330000000000004 31415.92653589793 0.14239385726358078
0.5340000000000004 31415.92653589793 0.1423940281675775
0.5350000000000004 31415.92653589793 0.14239419651342616
0.5360000000000004 31415.92653589793 0.14239436233945715
0.5370000000000004 31415.92653589793 0.14239452568337643
0.5380000000000004 31415.92653589793 0.1423946865823626
0.5390000000000004 31415.92653589793 0.14239484507303918
0.5400000000000004 31415.92653589793 0.1423950011914467
0.5410000000000004 31415.92653589793 0.14239515497312627
0.5420000000000004 31415.92653589793 0.14239530645304982
0.5430000000000004 31415.92653589793 0.14239545566570372
0.5440000000000004 31415.92653589793 0.14239560264501913
0.5450000000000004 31415.92653589793 0.14239574742444153
0.5460000000000004 31415.92653589793 0.14239589003691677
0.5470000000000004 31415.92653589793 0.14239603051489116
0.5480000000000004 31415.92653589793 0.14239616889032522
0.5490000000000004 31415.92653589793 0.14239630519469376
0.5500000000000004 31415.92653589793 0.14239643945899977
0.5510000000000004 31415.92653589793 0.142396571713816
0.5520000000000004 31415.92653589793 0.14239670198920176
0.5530000000000004 31415.92653589793 0.14239683031481387
0.5540000000000004 31415.92653589793 0.14239695671983732
0.5550000000000004 31415.92653589793 0.14239708123304076
0.5560000000000004 31415.92653589793 0.1423972038827349
0.5570000000000004 31415.92653589793 0.14239732469681407
0.5580000000000004 31415.92653589793 0.14239744370278404
0.5590000000000004 31415.92653589793 0.14239756092770647
0.5600000000000004 31415.92653589793 0.1423976763982407
0.5610000000000004 31415.92653589793 0.14239779014067114
0.5620000000000004 31415.92653589793 0.14239790218085216
0.5630000000000004 31415.92653589793 0.14239801254427722
0.5640000000000004 31415.92653589793 0.1423981212560513
0.5650000000000004 31415.92653589793 0.14239822834089072
0.5660000000000004 31415.92653589793 0.1423983338231787
0.5670000000000004 31415.92653589793 0.14239843772688224
0.5680000000000004 31415.92653589793 0.14239854007564906
0.5690000000000004 31415.92653589793 0.14239864089275223
0.5700000000000004 31415.92653589793 0.14239874020113172
0.5710000000000004 31415.92653589793 0.14239883802336667
0.5720000000000004 31415.92653589793 0.14239893438171708
0.5730000000000004 31415.92653589793 0.1423990292980821
0.5740000000000004 31415.92653589793 0.14239912279405556
0.5750000000000004 31415.92653589793 0.14239921489091212
0.5760000000000004 31415.92653589793 0.14239930560957945
0.5770000000000004 31415.92653589793 0.14239939497070772
0.5780000000000004 31415.92653589793 0.14239948299460012
0.5790000000000004 31415.92653589793 0.14239956970129622
0.5800000000000004 31415.92653589793 0.14239965511050243
0.5810000000000004 31415.92653589793 0.14239973924164767
0.5820000000000004 31415.92653589793 0.1423998221138694
0.5830000000000004 31415.92653589793 0.1423999037459998
0.5840000000000004 31415.92653589793 0.14239998415662122
0.5850000000000004 31415.92653589793 0.1424000633639968
0.5860000000000004 31415.92653589793 0.1424001413861538
0.5870000000000004 31415.92653589793 0.14240021824082807
0.5880000000000004 31415.92653589793 0.14240029394550557
0.5890000000000004 31415.92653589793 0.1424003685173948
0.5900000000000004 31415.92653589793 0.1424004419734544
0.5910000000000004 31415.92653589793 0.1424005143303932
0.5920000000000004 31415.92653589793 0.1424005856046564
0.5930000000000004 31415.92653589793 0.14240065581243938
0.5940000000000004 31415.92653589793 0.14240072496972936
0.5950000000000004 31415.92653589793 0.14240079309223597
0.5960000000000004 31415.92653589793 0.14240086019546072
0.5970000000000004 31415.92653589793 0.14240092629464143
0.5980000000000004 31415.92653589793 0.14240099140483548
0.5990000000000004 31415.92653589793 0.14240105554082272
0.6000000000000004 31415.92653589793 0.14240111871718866
0.6010000000000004 31415.92653589793 0.14240118094831078
0.6020000000000004 31415.92653589793 0.1424012422483166
0.6030000000000004 31415.92653589793 0.1424013026311672
0.6040000000000004 31415.92653589793 0.14240136211057383
0.6050000000000004 31415.92653589793 0.14240142070006734
0.6060000000000004 31415.92653589793 0.14240147841295647
0.6070000000000004 31415.92653589793 0.14240153526238358
0.6080000000000004 31415.92653589793 0.14240159126125496
0.6090000000000004 31415.92653589793 0.14240164642229652
0.6100000000000004 31415.92653589793 0.1424017007580677
0.6110000000000004 31415.92653589793 0.14240175428090587
0.6120000000000004 31415.92653589793 0.14240180700299565
0.6130000000000004 31415.92653589793 0.14240185893629975
0.6140000000000004 31415.92653589793 0.14240191009262818
0.6150000000000004 31415.92653589793 0.14240196048362436
0.6160000000000004 31415.92653589793 0.14240201012073747
0.6170000000000004 31415.92653589793 0.1424020590152502
0.6180000000000004 31415.92653589793 0.1424021071782647
0.6190000000000004 31415.92653589793 0.1424021546207445
0.6200000000000004 31415.92653589793 0.1424022013534726
0.6210000000000004 31415.92653589793 0.14240224738706553
0.6220000000000004 31415.92653589793 0.14240229273198712
0.6230000000000004 31415.92653589793 0.14240233739853467
0.6240000000000004 31415.92653589793 0.14240238139688066
0.6250000000000004 31415.92653589793 0.14240242473701703
0.6260000000000004 31415.92653589793 0.14240246742879709
0.6270000000000004 31415.92653589793 0.14240250948192132
0.6280000000000004 31415.92653589793 0.14240255090593767
0.6290000000000004 31415.92653589793 0.1424025917102831
0.6300000000000004 31415.92653589793 0.142402631904214
0.6310000000000004 31415.92653589793 0.1424026714968759
0.6320000000000005 31415.92653589793 0.1424027104972477
0.6330000000000005 31415.92653589793 0.14240274891422505
0.6340000000000005 31415.92653589793 0.14240278675650936
0.6350000000000005 31415.92653589793 0.1424028240327187
0.6360000000000005 31415.92653589793 0.14240286075131853
0.6370000000000005 31415.92653589793 0.14240289692064942
0.6380000000000005 31415.92653589793 0.14240293254894087
0.6390000000000005 31415.92653589793 0.14240296764428365
0.6400000000000005 31415.92653589793 0.14240300221464358
0.6410000000000005 31415.92653589793 0.1424030362679033
0.6420000000000005 31415.92653589793 0.14240306981176493
0.6430000000000005 31415.92653589793 0.14240310285388902
0.6440000000000005 31415.92653589793 0.1424031354017557
0.6450000000000005 31415.92653589793 0.14240316746277573
0.6460000000000005 31415.92653589793 0.14240319904422108
0.6470000000000005 31415.92653589793 0.14240323015328038
0.6480000000000005 31415.92653589793 0.14240326079701746
0.6490000000000005 31415.92653589793 0.142403290982399
0.6500000000000005 31415.92653589793 0.14240332071628056
0.6510000000000005 31415.92653589793 0.1424033500054207
0.6520000000000005 31415.92653589793 0.1424033788564668
0.6530000000000005 31415.92653589793 0.14240340727598313
0.6540000000000005 31415.92653589793 0.14240343527042282
0.6550000000000005 31415.92653589793 0.14240346284615576
0.6560000000000005 31415.92653589793 0.1424034900094409
0.6570000000000005 31415.92653589793 0.14240351676643986
0.6580000000000005 31415.92653589793 0.14240354312323122
0.6590000000000005 31415.92653589793 0.14240356908582402
0.6600000000000005 31415.92653589793 0.14240359466010244
0.6610000000000005 31415.92653589793 0.1424036198518813
0.6620000000000005 31415.92653589793 0.14240364466687822
0.6630000000000005 31415.92653589793 0.14240366911072755
0.6640000000000005 31415.92653589793 0.14240369318899435
0.6650000000000005 31415.92653589793 0.14240371690714645
0.6660000000000005 31415.92653589793 0.1424037402705684
0.6670000000000005 31415.92653589793 0.14240376328456156
0.6680000000000005 31415.92653589793 0.1424037859543578
0.6690000000000005 31415.92653589793 0.14240380828511973
0.6700000000000005 31415.92653589793 0.1424038302818988
0.6710000000000005 31415.92653589793 0.1424038519497049
0.6720000000000005 31415.92653589793 0.14240387329346466
0.6730000000000005 31415.92653589793 0.14240389431802145
0.6740000000000005 31415.92653589793 0.1424039150281492
0.6750000000000005 31415.92653589793 0.1424039354285525
0.6760000000000005 31415.92653589793 0.14240395552385263
0.6770000000000005 31415.92653589793 0.14240397531864313
0.6780000000000005 31415.92653589793 0.1424039948173927
0.6790000000000005 31415.92653589793 0.14240401402454214
0.6800000000000005 31415.92653589793 0.14240403294446305
0.6810000000000005 31415.92653589793 0.14240405158144362
0.6820000000000005 31415.92653589793 0.1424040699397027
0.6830000000000005 31415.92653589793 0.1424040880234314
0.6840000000000005 31415.92653589793 0.14240410583673752
0.6850000000000005 31415.92653589793 0.14240412338364564
0.6860000000000005 31415.92653589793 0.1424041406681664
0.6870000000000005 31415.92653589793 0.1424041576941995
0.6880000000000005 31415.92653589793 0.14240417446563072
0.6890000000000005 31415.92653589793 0.14240419098626256
0.6900000000000005 31415.92653589793 0.1424042072598559
0.6910000000000005 31415.92653589793 0.14240422329008837
0.6920000000000005 31415.92653589793 0.14240423908060978
0.6930000000000005 31415.92653589793 0.14240425463501455
0.6940000000000005 31415.92653589793 0.1424042699568276
0.6950000000000005 31415.92653589793 0.1424042850495322
0.6960000000000005 31415.92653589793 0.14240429991654238
0.6970000000000005 31415.92653589793 0.1424043145612443
0.6980000000000005 31415.92653589793 0.1424043289869686
0.6990000000000005 31415.92653589793 0.14240434319699044
0.7000000000000005 31415.92653589793 0.14240435719451558
0.7010000000000005 31415.92653589793 0.1424043709827498
0.7020000000000005 31415.92653589793 0.14240438456481563
0.7030000000000005 31415.92653589793 0.14240439794379392
0.7040000000000005 31415.92653589793 0.14240441112271002
0.7050000000000005 31415.92653589793 0.1424044241045754
0.7060000000000005 31415.92653589793 0.14240443689233218
0.7070000000000005 31415.92653589793 0.14240444948889466
0.7080000000000005 31415.92653589793 0.14240446189709396
0.7090000000000005 31415.92653589793 0.14240447411977497
0.7100000000000005 31415.92653589793 0.1424044861596994
0.7110000000000005 31415.92653589793 0.14240449801961505
0.7120000000000005 31415.92653589793 0.14240450970220034
0.7130000000000005 31415.92653589793 0.1424045212101059
0.7140000000000005 31415.92653589793 0.14240453254595464
0.7150000000000005 31415.92653589793 0.142404543712314
0.7160000000000005 31415.92653589793 0.14240455471172356
0.7170000000000005 31415.92653589793 0.14240456554666744
0.7180000000000005 31415.92653589793 0.1424045762196298
0.7190000000000005 31415.92653589793 0.14240458673301148
0.7200000000000005 31415.92653589793 0.14240459708921333
0.7210000000000005 31415.92653589793 0.14240460729056684
0.7220000000000005 31415.92653589793 0.1424046173394173
0.7230000000000005 31415.92653589793 0.14240462723802688
0.7240000000000005 31415.92653589793 0.14240463698864372
0.7250000000000005 31415.92653589793 0.1424046465934744
0.7260000000000005 31415.92653589793 0.1424046560547255
0.7270000000000005 31415.92653589793 0.14240466537452026
0.7280000000000005 31415.92653589793 0.1424046745549821
0.7290000000000005 31415.92653589793 0.14240468359819258
0.7300000000000005 31415.92653589793 0.14240469250620563
0.7310000000000005 31415.92653589793 0.14240470128104749
0.7320000000000005 31415.92653589793 0.14240470992470258
0.7330000000000005 31415.92653589793 0.14240471843914163
0.7340000000000005 31415.92653589793 0.1424047268262936
0.7350000000000005 31415.92653589793 0.14240473508804585
0.7360000000000005 31415.92653589793 0.1424047432262997
0.7370000000000005 31415.92653589793 0.14240475124288696
0.7380000000000005 31415.92653589793 0.14240475913963954
0.7390000000000005 31415.92653589793 0.14240476691833379
0.7400000000000005 31415.92653589793 0.14240477458074605
0.7410000000000005 31415.92653589793 0.14240478212861105
0.7420000000000005 31415.92653589793 0.14240478956364963
0.7430000000000005 31415.92653589793 0.142404796887541
0.7440000000000005 31415.92653589793 0.14240480410195053
0.7450000000000006 31415.92653589793 0.14240481120851575
0.7460000000000006 31415.92653589793 0.1424048182088465
0.7470000000000006 31415.92653589793 0.14240482510452487
0.7480000000000006 31415.92653589793 0.14240483189713293
0.7490000000000006 31415.92653589793 0.1424048385881972
0.7500000000000006 31415.92653589793 0.14240484517924426
0.7510000000000006 31415.92653589793 0.1424048516717729
0.7520000000000006 31415.92653589793 0.1424048580672403
0.7530000000000006 31415.92653589793 0.14240486436711747
0.7540000000000006 31415.92653589793 0.14240487057282
0.7550000000000006 31415.92653589793 0.1424048766857634
0.7560000000000006 31415.92653589793 0.14240488270733545
0.7570000000000006 31415.92653589793 0.14240488863889617
0.7580000000000006 31415.92653589793 0.1424048944817917
0.7590000000000006 31415.92653589793 0.1424049002373543
0.7600000000000006 31415.92653589793 0.14240490590688848
0.7610000000000006 31415.92653589793 0.1424049114916849
0.7620000000000006 31415.92653589793 0.14240491699300645
0.7630000000000006 31415.92653589793 0.14240492241208821
0.7640000000000006 31415.92653589793 0.14240492775017924
0.7650000000000006 31415.92653589793 0.14240493300847296
0.7660000000000006 31415.92653589793 0.14240493818817676
0.7670000000000006 31415.92653589793 0.14240494329047027
0.7680000000000006 31415.92653589793 0.14240494831649148
0.7690000000000006 31415.92653589793 0.14240495326740607
0.7700000000000006 31415.92653589793 0.14240495814431042
0.7710000000000006 31415.92653589793 0.14240496294832866
0.7720000000000006 31415.92653589793 0.1424049676805432
0.7730000000000006 31415.92653589793 0.14240497234202265
0.7740000000000006 31415.92653589793 0.14240497693383564
0.7750000000000006 31415.92653589793 0.14240498145702296
0.7760000000000006 31415.92653589793 0.14240498591261155
0.7770000000000006 31415.92653589793 0.14240499030160067
0.7780000000000006 31415.92653589793 0.14240499462500336
0.7790000000000006 31415.92653589793 0.14240499888377717
0.7800000000000006 31415.92653589793 0.14240500307890747
0.7810000000000006 31415.92653589793 0.1424050072113518
0.7820000000000006 31415.92653589793 0.14240501128202607
0.7830000000000006 31415.92653589793 0.14240501529186017
0.7840000000000006 31415.92653589793 0.14240501924176996
0.7850000000000006 31415.92653589793 0.1424050231326575
0.7860000000000006 31415.92653589793 0.14240502696538326
0.7870000000000006 31415.92653589793 0.14240503074083535
0.7880000000000006 31415.92653589793 0.14240503445986039
0.7890000000000006 31415.92653589793 0.14240503812330488
0.7900000000000006 31415.92653589793 0.14240504173201537
0.7910000000000006 31415.92653589793 0.1424050452867829
0.7920000000000006 31415.92653589793 0.1424050487884263
0.7930000000000006 31415.92653589793 0.1424050522377504
0.7940000000000006 31415.92653589793 0.14240505563551853
0.7950000000000006 31415.92653589793 0.1424050589825217
0.7960000000000006 31415.92653589793 0.14240506227949545
0.7970000000000006 31415.92653589793 0.14240506552720306
0.7980000000000006 31415.92653589793 0.14240506872638006
0.7990000000000006 31415.92653589793 0.14240507187774806
0.8000000000000006 31415.92653589793 0.14240507498202876
0.8010000000000006 31415.92653589793 0.14240507803991598
0.8020000000000006 31415.92653589793 0.14240508105210364
0.8030000000000006 31415.92653589793 0.14240508401928564
0.8040000000000006 31415.92653589793 0.14240508694212814
0.8050000000000006 31415.92653589793 0.1424050898212972
0.8060000000000006 31415.92653589793 0.1424050926574313
0.8070000000000006 31415.92653589793 0.14240509545119648
0.8080000000000006 31415.92653589793 0.14240509820321726
0.8090000000000006 31415.92653589793 0.1424051009141043
0.8100000000000006 31415.92653589793 0.14240510358449593
0.8110000000000006 31415.92653589793 0.14240510621497507
0.8120000000000006 31415.92653589793 0.1424051088061523
0.8130000000000006 31415.92653589793 0.1424051113586105
0.8140000000000006 31415.92653589793 0.14240511387293256
0.8150000000000006 31415.92653589793 0.14240511634967354
0.8160000000000006 31415.92653589793 0.14240511878941636
0.8170000000000006 31415.92653589793 0.14240512119270224
0.8180000000000006 31415.92653589793 0.14240512356008625
0.8190000000000006 31415.92653589793 0.1424051258920958
0.8200000000000006 31415.92653589793 0.14240512818925824
0.8210000000000006 31415.92653589793 0.1424051304521009
0.8220000000000006 31415.92653589793 0.1424051326811234
0.8230000000000006 31415.92653589793 0.14240513487685305
0.8240000000000006 31415.92653589793 0.14240513703976176
0.8250000000000006 31415.92653589793 0.142405139170363
0.8260000000000006 31415.92653589793 0.14240514126912857
0.8270000000000006 31415.92653589793 0.14240514333654422
0.8280000000000006 31415.92653589793 0.14240514537306792
0.8290000000000006 31415.92653589793 0.14240514737915763
0.8300000000000006 31415.92653589793 0.14240514935527132
0.8310000000000006 31415.92653589793 0.14240515130186693
0.8320000000000006 31415.92653589793 0.14240515321938862
0.8330000000000006 31415.92653589793 0.14240515510825266
0.8340000000000006 31415.92653589793 0.14240515696888925
0.8350000000000006 31415.92653589793 0.14240515880172866
0.8360000000000006 31415.92653589793 0.1424051606072011
0.8370000000000006 31415.92653589793 0.1424051623856812
0.8380000000000006 31415.92653589793 0.1424051641375992
0.8390000000000006 31415.92653589793 0.14240516586334376
0.8400000000000006 31415.92653589793 0.14240516756330335
0.8410000000000006 31415.92653589793 0.14240516923786659
0.8420000000000006 31415.92653589793 0.14240517088742205
0.8430000000000006 31415.92653589793 0.14240517251233056
0.8440000000000006 31415.92653589793 0.14240517411295298
0.8450000000000006 31415.92653589793 0.14240517568967778
0.8460000000000006 31415.92653589793 0.14240517724283813
0.8470000000000006 31415.92653589793 0.14240517877279485
0.8480000000000006 31415.92653589793 0.14240518027989482
0.8490000000000006 31415.92653589793 0.14240518176448502
0.8500000000000006 31415.92653589793 0.14240518322689852
0.8510000000000006 31415.92653589793 0.1424051846674545
0.8520000000000006 31415.92653589793 0.14240518608649994
0.8530000000000006 31415.92653589793 0.14240518748434008
0.8540000000000006 31415.92653589793 0.14240518886130804
0.8550000000000006 31415.92653589793 0.14240519021769524
0.8560000000000006 31415.92653589793 0.14240519155383477
0.8570000000000007 31415.92653589793 0.14240519287000417
0.8580000000000007 31415.92653589793 0.1424051941665226
0.8590000000000007 31415.92653589793 0.14240519544366761
0.8600000000000007 31415.92653589793 0.14240519670173069
0.8610000000000007 31415.92653589793 0.14240519794100323
0.8620000000000007 31415.92653589793 0.14240519916176284
0.8630000000000007 31415.92653589793 0.142405200364287
0.8640000000000007 31415.92653589793 0.14240520154885333
0.8650000000000007 31415.92653589793 0.14240520271572546
0.8660000000000007 31415.92653589793 0.14240520386516708
0.8670000000000007 31415.92653589793 0.14240520499742804
0.8680000000000007 31415.92653589793 0.14240520611278584
0.8690000000000007 31415.92653589793 0.1424052072114764
0.8700000000000007 31415.92653589793 0.1424052082937634
0.8710000000000007 31415.92653589793 0.1424052093598828
0.8720000000000007 31415.92653589793 0.1424052104100705
0.8730000000000007 31415.92653589793 0.1424052114445763
0.8740000000000007 31415.92653589793 0.14240521246363613
0.8750000000000007 31415.92653589793 0.142405213467472
0.8760000000000007 31415.92653589793 0.1424052144563199
0.8770000000000007 31415.92653589793 0.14240521543038792
0.8780000000000007 31415.92653589793 0.14240521638991202
0.8790000000000007 31415.92653589793 0.1424052173351004
0.8800000000000007 31415.92653589793 0.14240521826617503
0.8810000000000007 31415.92653589793 0.14240521918334414
0.8820000000000007 31415.92653589793 0.1424052200868159
0.8830000000000007 31415.92653589793 0.1424052209767845
0.8840000000000007 31415.92653589793 0.14240522185347212
0.8850000000000007 31415.92653589793 0.14240522271705908
0.8860000000000007 31415.92653589793 0.1424052235677536
0.8870000000000007 31415.92653589793 0.14240522440573603
0.8880000000000007 31415.92653589793 0.14240522523120072
0.8890000000000007 31415.92653589793 0.14240522604434194
0.8900000000000007 31415.92653589793 0.14240522684534007
0.8910000000000007 31415.92653589793 0.14240522763437558
0.8920000000000007 31415.92653589793 0.14240522841161493
0.8930000000000007 31415.92653589793 0.14240522917725248
0.8940000000000007 31415.92653589793 0.1424052299314686
0.8950000000000007 31415.92653589793 0.14240523067441596
0.8960000000000007 31415.92653589793 0.14240523140626107
0.8970000000000007 31415.92653589793 0.14240523212717052
0.8980000000000007 31415.92653589793 0.14240523283732467
0.8990000000000007 31415.92653589793 0.1424052335368762
0.9000000000000007 31415.92653589793 0.14240523422596385
0.9010000000000007 31415.92653589793 0.14240523490476809
0.9020000000000007 31415.92653589793 0.1424052355734415
0.9030000000000007 31415.92653589793 0.14240523623212295
0.9040000000000007 31415.92653589793 0.1424052368809789
0.9050000000000007 31415.92653589793 0.1424052375201343
0.9060000000000007 31415.92653589793 0.14240523814974176
0.9070000000000007 31415.92653589793 0.14240523876995398
0.9080000000000007 31415.92653589793 0.14240523938089583
0.9090000000000007 31415.92653589793 0.14240523998271995
0.9100000000000007 31415.92653589793 0.14240524057556517
0.9110000000000007 31415.92653589793 0.14240524115954245
0.9120000000000007 31415.92653589793 0.1424052417348045
0.9130000000000007 31415.92653589793 0.14240524230147622
0.9140000000000007 31415.92653589793 0.14240524285969633
0.9150000000000007 31415.92653589793 0.14240524340956204
0.9160000000000007 31415.92653589793 0.14240524395122597
0.9170000000000007 31415.92653589793 0.14240524448479913
0.9180000000000007 31415.92653589793 0.14240524501040647
0.9190000000000007 31415.92653589793 0.14240524552817285
0.9200000000000007 31415.92653589793 0.14240524603819543
0.9210000000000007 31415.92653589793 0.14240524654061298
0.9220000000000007 31415.92653589793 0.14240524703552263
0.9230000000000007 31415.92653589793 0.1424052475230493
0.9240000000000007 31415.92653589793 0.14240524800329016
0.9250000000000007 31415.92653589793 0.14240524847635616
0.9260000000000007 31415.92653589793 0.1424052489423584
0.9270000000000007 31415.92653589793 0.14240524940140786
0.9280000000000007 31415.92653589793 0.14240524985360167
0.9290000000000007 31415.92653589793 0.1424052502990509
0.9300000000000007 31415.92653589793 0.1424052507378388
0.9310000000000007 31415.92653589793 0.14240525117007638
0.9320000000000007 31415.92653589793 0.14240525159586076
0.9330000000000007 31415.92653589793 0.14240525201528914
0.9340000000000007 31415.92653589793 0.14240525242845864
0.9350000000000007 31415.92653589793 0.14240525283545252
0.9360000000000007 31415.92653589793 0.14240525323636793
0.9370000000000007 31415.92653589793 0.14240525363130202
0.9380000000000007 31415.92653589793 0.14240525402033805
0.9390000000000007 31415.92653589793 0.14240525440357313
0.9400000000000007 31415.92653589793 0.1424052547810767
0.9410000000000007 31415.92653589793 0.14240525515294591
0.9420000000000007 31415.92653589793 0.142405255519264
0.9430000000000007 31415.92653589793 0.1424052558801142
0.9440000000000007 31415.92653589793 0.14240525623557987
0.9450000000000007 31415.92653589793 0.14240525658573033
0.9460000000000007 31415.92653589793 0.14240525693066275
0.9470000000000007 31415.92653589793 0.1424052572704326
0.9480000000000007 31415.92653589793 0.1424052576051371
0.9490000000000007 31415.92653589793 0.14240525793484557
0.9500000000000007 31415.92653589793 0.14240525825962744
0.9510000000000007 31415.92653589793 0.14240525857956596
0.9520000000000007 31415.92653589793 0.14240525889473052
0.9530000000000007 31415.92653589793 0.14240525920517663
0.9540000000000007 31415.92653589793 0.14240525951100144
0.9550000000000007 31415.92653589793 0.14240525981226046
0.9560000000000007 31415.92653589793 0.14240526010900917
0.9570000000000007 31415.92653589793 0.1424052604013309
0.9580000000000007 31415.92653589793 0.142405260689295
0.9590000000000007 31415.92653589793 0.14240526097295697
0.9600000000000007 31415.92653589793 0.14240526125238623
0.9610000000000007 31415.92653589793 0.14240526152765212
0.9620000000000007 31415.92653589793 0.14240526179879634
0.9630000000000007 31415.92653589793 0.14240526206590212
0.9640000000000007 31415.92653589793 0.1424052623290111
0.9650000000000007 31415.92653589793 0.14240526258819267
0.9660000000000007 31415.92653589793 0.14240526284350233
0.9670000000000007 31415.92653589793 0.14240526309500945
0.9680000000000007 31415.92653589793 0.14240526334275572
0.9690000000000007 31415.92653589793 0.1424052635868105
0.9700000000000008 31415.92653589793 0.1424052638272154
0.9710000000000008 31415.92653589793 0.14240526406403986
0.9720000000000008 31415.92653589793 0.14240526429732547
0.9730000000000008 31415.92653589793 0.14240526452712773
0.9740000000000008 31415.92653589793 0.1424052647535022
0.9750000000000008 31415.92653589793 0.1424052649764905
0.9760000000000008 31415.92653589793 0.142405265196162
0.9770000000000008 31415.92653589793 0.14240526541254447
0.9780000000000008 31415.92653589793 0.14240526562569342
0.9790000000000008 31415.92653589793 0.14240526583566435
0.9800000000000008 31415.92653589793 0.14240526604251277
0.9810000000000008 31415.92653589793 0.14240526624626645
0.9820000000000008 31415.92653589793 0.1424052664469809
0.9830000000000008 31415.92653589793 0.14240526664469774
0.9840000000000008 31415.92653589793 0.14240526683945862
0.9850000000000008 31415.92653589793 0.14240526703130515
0.9860000000000008 31415.92653589793 0.14240526722030675
0.9870000000000008 31415.92653589793 0.14240526740647724
0.9880000000000008 31415.92653589793 0.1424052675898722
0.9890000000000008 31415.92653589793 0.14240526777051937
0.9900000000000008 31415.92653589793 0.14240526794848812
0.9910000000000008 31415.92653589793 0.14240526812379234
0.9920000000000008 31415.92653589793 0.14240526829647365
0.9930000000000008 31415.92653589793 0.14240526846658758
0.9940000000000008 31415.92653589793 0.14240526863416186
0.9950000000000008 31415.92653589793 0.14240526879922424
0.9960000000000008 31415.92653589793 0.14240526896183028
0.9970000000000008 31415.92653589793 0.1424052691220077
0.9980000000000008 31415.92653589793 0.14240526927979816
0.9990000000000008 31415.92653589793 0.14240526943522938
1.0000000000000007 31415.92653589793 0.14240526958834301
1.0010000000000006 31415.92653589793 0.1424052697391668
1.0020000000000004 31415.92653589793 0.1424052698877424
1.0030000000000003 31415.92653589793 0.14240527003409756
1.0040000000000002 31415.92653589793 0.14240527017827387
1.0050000000000001 31415.92653589793 0.14240527032029915
1.006 31415.92653589793 0.14240527046020113
1.007 31415.92653589793 0.14240527059802144
1.0079999999999998 31415.92653589793 0.14240527073377396
1.0089999999999997 31415.92653589793 0.1424052708675142
1.0099999999999996 31415.92653589793 0.14240527099924216
1.0109999999999995 31415.92653589793 0.14240527112901336
1.0119999999999993 31415.92653589793 0.14240527125685554
1.0129999999999992 31415.92653589793 0.14240527138278258
1.0139999999999991 31415.92653589793 0.14240527150682225
1.014999999999999 31415.92653589793 0.14240527162901617
1.015999999999999 31415.92653589793 0.1424052717493921
1.0169999999999988 31415.92653589793 0.1424052718679778
1.0179999999999987 31415.92653589793 0.14240527198478714
1.0189999999999986 31415.92653589793 0.14240527209984788
1.0199999999999985 31415.92653589793 0.14240527221318777
1.0209999999999984 31415.92653589793 0.14240527232484845
1.0219999999999982 31415.92653589793 0.1424052724348438
1.0229999999999981 31415.92653589793 0.1424052725431877
1.023999999999998 31415.92653589793 0.14240527264992175
1.024999999999998 31415.92653589793 0.14240527275505988
1.0259999999999978 31415.92653589793 0.1424052728586298
1.0269999999999977 31415.92653589793 0.14240527296064542
1.0279999999999976 31415.92653589793 0.14240527306114836
1.0289999999999975 31415.92653589793 0.14240527316015247
1.0299999999999974 31415.92653589793 0.1424052732576717
1.0309999999999973 31415.92653589793 0.14240527335373374
1.0319999999999971 31415.92653589793 0.14240527344838025
1.032999999999997 31415.92653589793 0.14240527354159735
1.033999999999997 31415.92653589793 0.14240527363342667
1.0349999999999968 31415.92653589793 0.14240527372389597
1.0359999999999967 31415.92653589793 0.14240527381300525
1.0369999999999966 31415.92653589793 0.14240527390078225
1.0379999999999965 31415.92653589793 0.14240527398725475
1.0389999999999964 31415.92653589793 0.1424052740724366
1.0399999999999963 31415.92653589793 0.1424052741563556
1.0409999999999962 31415.92653589793 0.1424052742390117
1.041999999999996 31415.92653589793 0.14240527432043268
1.042999999999996 31415.92653589793 0.1424052744006463
1.0439999999999958 31415.92653589793 0.14240527447966642
1.0449999999999957 31415.92653589793 0.14240527455749302
1.0459999999999956 31415.92653589793 0.1424052746341678
1.0469999999999955 31415.92653589793 0.1424052747097046
1.0479999999999954 31415.92653589793 0.14240527478410342
1.0489999999999953 31415.92653589793 0.14240527485739202
1.0499999999999952 31415.92653589793 0.14240527492959815
1.050999999999995 31415.92653589793 0.1424052750007218
1.051999999999995 31415.92653589793 0.14240527507077688
1.0529999999999948 31415.92653589793 0.14240527513979112
1.0539999999999947 31415.92653589793 0.1424052752077784
1.0549999999999946 31415.92653589793 0.1424052752747526
1.0559999999999945 31415.92653589793 0.1424052753407276
1.0569999999999944 31415.92653589793 0.1424052754057173
1.0579999999999943 31415.92653589793 0.14240527546973553
1.0589999999999942 31415.92653589793 0.1424052755327962
1.059999999999994 31415.92653589793 0.14240527559491317
1.060999999999994 31415.92653589793 0.14240527565611422
1.0619999999999938 31415.92653589793 0.14240527571639933
1.0629999999999937 31415.92653589793 0.14240527577578238
1.0639999999999936 31415.92653589793 0.14240527583427726
1.0649999999999935 31415.92653589793 0.14240527589189783
1.0659999999999934 31415.92653589793 0.14240527594865798
1.0669999999999933 31415.92653589793 0.14240527600458544
1.0679999999999932 31415.92653589793 0.14240527605966638
1.068999999999993 31415.92653589793 0.14240527611392853
1.069999999999993 31415.92653589793 0.14240527616738577
1.0709999999999928 31415.92653589793 0.1424052762200381
1.0719999999999927 31415.92653589793 0.14240527627191327
1.0729999999999926 31415.92653589793 0.14240527632301128
1.0739999999999925 31415.92653589793 0.14240527637333214
1.0749999999999924 31415.92653589793 0.14240527642291748
1.0759999999999923 31415.92653589793 0.1424052764717534
1.0769999999999922 31415.92653589793 0.1424052765198677
1.077999999999992 31415.92653589793 0.14240527656726035
1.078999999999992 31415.92653589793 0.14240527661394523
1.0799999999999919 31415.92653589793 0.1424052766599501
1.0809999999999917 31415.92653589793 0.14240527670526107
1.0819999999999916 31415.92653589793 0.14240527674989203
1.0829999999999915 31415.92653589793 0.14240527679385687
1.0839999999999914 31415.92653589793 0.14240527683716944
1.0849999999999913 31415.92653589793 0.14240527687982976
1.0859999999999912 31415.92653589793 0.1424052769218517
1.086999999999991 31415.92653589793 0.14240527696324914
1.087999999999991 31415.92653589793 0.14240527700403596
1.0889999999999909 31415.92653589793 0.14240527704421216
1.0899999999999908 31415.92653589793 0.14240527708377773
1.0909999999999906 31415.92653589793 0.14240527712276044
1.0919999999999905 31415.92653589793 0.14240527716117415
1.0929999999999904 31415.92653589793 0.142405277199005
1.0939999999999903 31415.92653589793 0.14240527723626686
1.0949999999999902 31415.92653589793 0.1424052772729736
1.09599999999999 31415.92653589793 0.14240527730913913
1.09699999999999 31415.92653589793 0.1424052773447634
1.0979999999999899 31415.92653589793 0.14240527737986033
1.0989999999999898 31415.92653589793 0.1424052774144299
1.0999999999999897 31415.92653589793 0.14240527744848597
1.1009999999999895 31415.92653589793 0.14240527748202858
1.1019999999999894 31415.92653589793 0.1424052775150716
1.1029999999999893 31415.92653589793 0.142405277547615
1.1039999999999892 31415.92653589793 0.14240527757968657
1.104999999999989 31415.92653589793 0.14240527761127242
1.105999999999989 31415.92653589793 0.14240527764238642
1.1069999999999889 31415.92653589793 0.14240527767304245
1.1079999999999888 31415.92653589793 0.14240527770324052
1.1089999999999887 31415.92653589793 0.14240527773298062
1.1099999999999886 31415.92653589793 0.1424052777622905
1.1109999999999884 31415.92653589793 0.1424052777911563
1.1119999999999883 31415.92653589793 0.1424052778195919
1.1129999999999882 31415.92653589793 0.14240527784759727
1.113999999999988 31415.92653589793 0.1424052778751863
1.114999999999988 31415.92653589793 0.1424052779023729
1.115999999999988 31415.92653589793 0.14240527792914315
1.1169999999999878 31415.92653589793 0.14240527795552482
1.1179999999999877 31415.92653589793 0.14240527798150404
1.1189999999999876 31415.92653589793 0.14240527800709468
1.1199999999999875 31415.92653589793 0.14240527803231062
1.1209999999999873 31415.92653589793 0.14240527805715186
1.1219999999999872 31415.92653589793 0.1424052780816184
1.1229999999999871 31415.92653589793 0.14240527810572412
1.123999999999987 31415.92653589793 0.14240527812946902
1.124999999999987 31415.92653589793 0.1424052781528531
1.1259999999999868 31415.92653589793 0.14240527817589022
1.1269999999999867 31415.92653589793 0.1424052781985804
1.1279999999999866 31415.92653589793 0.14240527822093751
1.1289999999999865 31415.92653589793 0.14240527824296156
1.1299999999999863 31415.92653589793 0.14240527826465255
1.1309999999999862 31415.92653589793 0.14240527828602434
1.1319999999999861 31415.92653589793 0.14240527830707694
1.132999999999986 31415.92653589793 0.14240527832782424
1.133999999999986 31415.92653589793 0.14240527834825234
1.1349999999999858 31415.92653589793 0.14240527836837513
1.1359999999999857 31415.92653589793 0.1424052783882065
1.1369999999999856 31415.92653589793 0.14240527840773254
1.1379999999999855 31415.92653589793 0.14240527842696715
1.1389999999999854 31415.92653589793 0.1424052784459242
1.1399999999999852 31415.92653589793 0.14240527846458984
1.1409999999999851 31415.92653589793 0.1424052784829779
1.141999999999985 31415.92653589793 0.1424052785011023
1.142999999999985 31415.92653589793 0.14240527851894913
1.1439999999999848 31415.92653589793 0.1424052785365323
1.1449999999999847 31415.92653589793 0.14240527855385177
1.1459999999999846 31415.92653589793 0.14240527857090757
1.1469999999999845 31415.92653589793 0.14240527858771357
1.1479999999999844 31415.92653589793 0.14240527860426977
1.1489999999999843 31415.92653589793 0.14240527862057617
1.1499999999999841 31415.92653589793 0.14240527863664665
1.150999999999984 31415.92653589793 0.14240527865246733
1.151999999999984 31415.92653589793 0.14240527866805208
1.1529999999999838 31415.92653589793 0.1424052786834148
1.1539999999999837 31415.92653589793 0.14240527869854158
1.1549999999999836 31415.92653589793 0.14240527871344633
1.1559999999999835 31415.92653589793 0.14240527872812903
1.1569999999999834 31415.92653589793 0.14240527874258968
1.1579999999999833 31415.92653589793 0.1424052787568283
1.1589999999999832 31415.92653589793 0.14240527877085873
1.159999999999983 31415.92653589793 0.142405278784681
1.160999999999983 31415.92653589793 0.14240527879829512
1.1619999999999828 31415.92653589793 0.14240527881171494
1.1629999999999827 31415.92653589793 0.1424052788249266
1.1639999999999826 31415.92653589793 0.14240527883794396
1.1649999999999825 31415.92653589793 0.14240527885076704
1.1659999999999824 31415.92653589793 0.1424052788634097
1.1669999999999823 31415.92653589793 0.1424052788758442
1.1679999999999822 31415.92653589793 0.14240527888811216
1.168999999999982 31415.92653589793 0.14240527890018584
1.169999999999982 31415.92653589793 0.1424052789120791
1.1709999999999818 31415.92653589793 0.14240527892380583
1.1719999999999817 31415.92653589793 0.14240527893535215
1.1729999999999816 31415.92653589793 0.14240527894671806
1.1739999999999815 31415.92653589793 0.14240527895791744
1.1749999999999814 31415.92653589793 0.14240527896895028
1.1759999999999813 31415.92653589793 0.14240527897981659
1.1769999999999812 31415.92653589793 0.14240527899053024
1.177999999999981 31415.92653589793 0.14240527900107736
1.178999999999981 31415.92653589793 0.14240527901147182
1.1799999999999808 31415.92653589793 0.14240527902171363
1.1809999999999807 31415.92653589793 0.1424052790317889
1.1819999999999806 31415.92653589793 0.1424052790417254
1.1829999999999805 31415.92653589793 0.14240527905150924
1.1839999999999804 31415.92653589793 0.1424052790611543
1.1849999999999803 31415.92653589793 0.1424052790706467
1.1859999999999802 31415.92653589793 0.14240527908000034
1.18699999999998 31415.92653589793 0.1424052790892152
1.18799999999998 31415.92653589793 0.14240527909829126
1.1889999999999799 31415.92653589793 0.14240527910722856
1.1899999999999797 31415.92653589793 0.14240527911604095
1.1909999999999796 31415.92653589793 0.14240527912471457
1.1919999999999795 31415.92653589793 0.14240527913326329
1.1929999999999794 31415.92653589793 0.1424052791416871
1.1939999999999793 31415.92653589793 0.14240527914998602
1.1949999999999792 31415.92653589793 0.14240527915816004
1.195999999999979 31415.92653589793 0.14240527916620915
1.196999999999979 31415.92653589793 0.14240527917413337
1.1979999999999789 31415.92653589793 0.14240527918194656
1.1989999999999787 31415.92653589793 0.14240527918964874
1.1999999999999786 31415.92653589793 0.142405279197226
1.2009999999999785 31415.92653589793 0.14240527920469226
1.2019999999999784 31415.92653589793 0.1424052792120475
1.2029999999999783 31415.92653589793 0.1424052792192917
1.2039999999999782 31415.92653589793 0.14240527922643875
1.204999999999978 31415.92653589793 0.1424052792334748
1.205999999999978 31415.92653589793 0.1424052792403998
1.2069999999999779 31415.92653589793 0.14240527924722768
1.2079999999999778 31415.92653589793 0.14240527925394453
1.2089999999999776 31415.92653589793 0.14240527926056423
1.2099999999999775 31415.92653589793 0.1424052792670868
1.2109999999999774 31415.92653589793 0.1424052792735122
1.2119999999999773 31415.92653589793 0.14240527927984048
1.2129999999999772 31415.92653589793 0.1424052792860716
1.213999999999977 31415.92653589793 0.14240527929221947
1.214999999999977 31415.92653589793 0.14240527929827018
1.2159999999999769 31415.92653589793 0.14240527930423763
1.2169999999999768 31415.92653589793 0.14240527931010794
1.2179999999999767 31415.92653589793 0.14240527931589497
1.2189999999999765 31415.92653589793 0.14240527932159874
1.2199999999999764 31415.92653589793 0.14240527932720537
1.2209999999999763 31415.92653589793 0.1424052793327426
1.2219999999999762 31415.92653589793 0.1424052793381827
1.222999999999976 31415.92653589793 0.1424052793435534
1.223999999999976 31415.92653589793 0.14240527934884084
1.2249999999999759 31415.92653589793 0.142405279354045
1.2259999999999758 31415.92653589793 0.1424052793591798
1.2269999999999757 31415.92653589793 0.1424052793642313
1.2279999999999756 31415.92653589793 0.14240527936921343
1.2289999999999754 31415.92653589793 0.1424052793741123
1.2299999999999753 31415.92653589793 0.14240527937894176
1.2309999999999752 31415.92653589793 0.14240527938370184
1.2319999999999751 31415.92653589793 0.14240527938839254
1.232999999999975 31415.92653589793 0.14240527939301384
1.233999999999975 31415.92653589793 0.14240527939756575
1.2349999999999748 31415.92653589793 0.14240527940204828
1.2359999999999747 31415.92653589793 0.14240527940646142
1.2369999999999746 31415.92653589793 0.14240527941080516
1.2379999999999745 31415.92653589793 0.1424052794150934
1.2389999999999743 31415.92653589793 0.14240527941931225
1.2399999999999742 31415.92653589793 0.1424052794234617
1.2409999999999741 31415.92653589793 0.14240527942755565
1.241999999999974 31415.92653589793 0.1424052794315941
1.242999999999974 31415.92653589793 0.14240527943556314
1.2439999999999738 31415.92653589793 0.14240527943947667
1.2449999999999737 31415.92653589793 0.1424052794433347
1.2459999999999736 31415.92653589793 0.1424052794471372
1.2469999999999735 31415.92653589793 0.14240527945088421
1.2479999999999734 31415.92653589793 0.1424052794545757
1.2489999999999732 31415.92653589793 0.1424052794581978
1.2499999999999731 31415.92653589793 0.14240527946177828
1.250999999999973 31415.92653589793 0.14240527946530324
1.251999999999973 31415.92653589793 0.14240527946877268
1.2529999999999728 31415.92653589793 0.1424052794722005
1.2539999999999727 31415.92653589793 0.1424052794755728
1.2549999999999726 31415.92653589793 0.1424052794788896
1.2559999999999725 31415.92653589793 0.14240527948216475
1.2569999999999724 31415.92653589793 0.1424052794853844
1.2579999999999723 31415.92653589793 0.14240527948854853
1.2589999999999721 31415.92653589793 0.14240527949167103
1.259999999999972 31415.92653589793 0.1424052794947519
1.260999999999972 31415.92653589793 0.14240527949779114
1.2619999999999718 31415.92653589793 0.14240527950077486
1.2629999999999717 31415.92653589793 0.14240527950371695
1.2639999999999716 31415.92653589793 0.1424052795066174
1.2649999999999715 31415.92653589793 0.14240527950947623
1.2659999999999714 31415.92653589793 0.14240527951229343
1.2669999999999713 31415.92653589793 0.14240527951506898
1.2679999999999712 31415.92653589793 0.14240527951778903
1.268999999999971 31415.92653589793 0.14240527952048132
1.269999999999971 31415.92653589793 0.14240527952313198
1.2709999999999708 31415.92653589793 0.142405279525741
1.2719999999999707 31415.92653589793 0.1424052795283084
1.2729999999999706 31415.92653589793 0.14240527953084803
1.2739999999999705 31415.92653589793 0.14240527953334603
1.2749999999999704 31415.92653589793 0.1424052795358024
1.2759999999999703 31415.92653589793 0.14240527953821713
1.2769999999999702 31415.92653589793 0.1424052795406041
1.27799999999997 31415.92653589793 0.14240527954294946
1.27899999999997 31415.92653589793 0.14240527954526705
1.2799999999999698 31415.92653589793 0.142405279547543
1.2809999999999697 31415.92653589793 0.1424052795497912
1.2819999999999696 31415.92653589793 0.14240527955201165
1.2829999999999695 31415.92653589793 0.14240527955419047
1.2839999999999694 31415.92653589793 0.14240527955634152
1.2849999999999693 31415.92653589793 0.14240527955845095
1.2859999999999692 31415.92653589793 0.14240527956053262
1.286999999999969 31415.92653589793 0.14240527956258653
1.287999999999969 31415.92653589793 0.14240527956461269
1.2889999999999688 31415.92653589793 0.1424052795666111
1.2899999999999687 31415.92653589793 0.14240527956856786
1.2909999999999686 31415.92653589793 0.14240527957049687
1.2919999999999685 31415.92653589793 0.14240527957239812
1.2929999999999684 31415.92653589793 0.1424052795742855
1.2939999999999683 31415.92653589793 0.14240527957613125
1.2949999999999682 31415.92653589793 0.14240527957794924
1.295999999999968 31415.92653589793 0.14240527957975335
1.296999999999968 31415.92653589793 0.14240527958151583
