0.0 0.0 0.0
0.0005 9.999999850988385 6.087769069829098e-14
0.001 9.999999850988399 28.123220690792046
0.0015 9.999999850988385 29.931440754521244
0.002 9.999999850988399 28.47682547540848
0.0025 9.999999850988399 29.583236936527353
0.003 9.99999985098837 28.740251426409827
0.0035 9.999999850988385 29.3855108063951
0.004 9.999999850988399 28.845807348360808
0.0045000000000000005 9.999999850988385 29.314460893150702
0.005000000000000001 9.99999985098837 28.855742697681105
0.005500000000000001 9.999999850988399 29.310892161140508
0.006000000000000002 9.999999850988385 28.820730156686857
0.006500000000000002 9.99999985098837 29.33265720748291
0.007000000000000003 9.999999850988385 28.775733662340023
0.007500000000000003 9.999999850988413 29.348105716533638
0.008000000000000004 9.999999850988399 28.749563625502386
0.008500000000000004 9.99999985098837 29.326239562543215
0.009000000000000005 9.999999850988399 28.773366574959727
0.009500000000000005 9.999999850988399 29.22780247657443
0.010000000000000005 9.999999850988399 28.887722020375882
0.010500000000000006 9.999999850988399 28.995729546340268
0.011000000000000006 9.999999850988399 29.14936437373962
0.011500000000000007 9.999999850988399 28.542421313945802
0.012000000000000007 9.999999850988385 29.637839614839567
0.012500000000000008 9.999999850988385 27.73046916978673
0.013000000000000008 9.999999850988385 30.460558817237708
0.013500000000000009 9.999999850988385 26.34203703698496
0.014000000000000009 9.999999850988399 31.74980717104239
0.01450000000000001 9.999999850988399 24.02993492339056
0.01500000000000001 9.999999850988399 33.62192264424532
0.01550000000000001 9.999999850988399 20.2027007718225
0.01600000000000001 9.999999850988607 36.493484799063964
0.01650000000000001 9.99999985098837 14.02536314896603
0.01700000000000001 9.999999850988385 39.75365821653622
0.017500000000000012 9.99999985098837 5.208993595031738
0.018000000000000013 9.999999850988399 42.909939568678
0.018500000000000013 9.999999850988385 -6.036390992142793
0.019000000000000013 9.999999850988399 46.2870949787517
0.019500000000000014 9.999999850988399 -13.612531171915267
0.020000000000000014 9.999999850988427 43.94372513298824
0.020500000000000015 9.999999850988385 10.862937496135784
0.021000000000000015 9.999999850988427 52.03521388977169
0.021500000000000016 nan -68.89530640932522
0.022000000000000016 nan nan
0.022500000000000017 nan nan
0.023000000000000017 nan nan
0.023500000000000017 nan nan
0.024000000000000018 nan nan
0.02450000000000002 nan nan
0.02500000000000002 nan nan
0.02550000000000002 nan nan
0.02600000000000002 nan nan
0.02650000000000002 nan nan
0.02700000000000002 nan nan
0.02750000000000002 nan nan
0.02800000000000002 nan nan
0.028500000000000022 nan nan
0.029000000000000022 nan nan
0.029500000000000023 nan nan
0.030000000000000023 nan nan
0.030500000000000024 nan nan
0.031000000000000024 nan nan
0.03150000000000002 nan nan
0.03200000000000002 nan nan
0.03250000000000002 nan nan
0.03300000000000002 nan nan
0.03350000000000002 nan nan
0.03400000000000002 nan nan
0.034500000000000024 nan nan
0.035000000000000024 nan nan
0.035500000000000025 nan nan
0.036000000000000025 nan nan
