0.0 0.0 0.0
0.0 0.0 0.0
0.0005 157.07963267948966 1.80411238813251e-13
0.001 157.07963267948966 0.24705857542447857
0.0015 157.07963267948966 0.2829898854125729
0.002 157.07963267948966 0.2973626431494221
0.0025 157.07963267948966 0.3048903327150173
0.003 157.07963267948966 0.3087752528956613
0.0035 157.07963267948966 0.3107925852869759
0.004 157.07963267948966 0.3118433262539297
0.0045000000000000005 157.07963267948966 0.31239167583581295
0.005000000000000001 157.07963267948966 0.3126782062404844
0.005500000000000001 157.07963267948966 0.31282805609970143
0.006000000000000002 157.07963267948966 0.3129064714569895
0.006500000000000002 157.07963267948966 0.31294752313744617
0.007000000000000003 157.07963267948966 0.31296902102169555
0.007500000000000003 157.07963267948966 0.3129802816002472
0.008000000000000004 157.07963267948966 0.31298618090972796
0.008500000000000004 157.07963267948966 0.3129892719115114
0.009000000000000005 157.07963267948966 0.31299089163858973
0.009500000000000005 157.07963267948966 0.31299174046601597
0.010000000000000005 157.07963267948966 0.3129921853279205
0.010500000000000006 157.07963267948966 0.31299241848847736
0.011000000000000006 157.07963267948966 0.31299254069871746
0.011500000000000007 157.07963267948966 0.312992604758474
0.012000000000000007 157.07963267948966 0.3129926383397085
