0.0 0.0 0.0
0.0 0.0 0.0
0.0064285714285714285 19858.65303798871 -1.2411158027325903e-07
0.012857142857142857 27164.243220021566 0.04924558388960605
0.019285714285714285 29851.81965361539 0.07960176771346435
0.025714285714285714 30840.52377011142 0.09511781899947142
0.03214285714285714 31204.247687971885 0.10335380834806526
0.03857142857142857 31338.05423961508 0.10837660519898853
0.045 31387.27891905866 0.11196839894658593
0.05142857142857143 31405.387666624203 0.11485950148933874
0.05785714285714286 31412.049502558933 0.1173468889037568
0.06428571428571428 31414.500255039777 0.11955670031420187
0.0707142857142857 31415.401836492878 0.1215484664141887
0.07714285714285712 31415.733509774014 0.1233553075146616
0.08357142857142855 31415.855525555333 0.12499929262987973
0.08999999999999997 31415.900412652776 0.12649734719515787
0.09642857142857139 31415.9169256931 0.12786358815754958
0.10285714285714281 31415.923000501145 0.12911030389260542
0.10928571428571424 31415.92523529814 0.13024841189132375
0.11571428571428566 31415.926057434004 0.13128770795911426
0.12214285714285708 31415.926359880887 0.13223702640598986
0.1285714285714285 31415.926471144878 0.13310435782166014
0.13499999999999993 31415.926512076614 0.1338969434408373
0.14142857142857135 31415.926527134558 0.13462135447152887
0.14785714285714277 31415.926532674064 0.13528356052267518
0.1542857142857142 31415.926534711933 0.13588898947989186
0.16071428571428562 31415.92653546163 0.13644258035381962
0.16714285714285704 31415.92653573742 0.13694883019782933
0.17357142857142846 31415.926535838884 0.137411835939435
0.17999999999999988 31415.926535876206 0.13783533180284413
0.1864285714285713 31415.92653588994 0.1382227228804084
0.19285714285714273 31415.92653589499 0.13857711531998987
0.19928571428571415 31415.926535896848 0.13890134352395359
0.20571428571428557 31415.92653589753 0.13919799469825203
0.212142857142857 31415.926535897783 0.13946943104327147
0.21857142857142842 31415.926535897877 0.1397178098395283
0.22499999999999984 31415.926535897906 0.13994510164908172
0.23142857142857126 31415.92653589792 0.14015310682621498
0.23785714285714268 31415.926535897925 0.14034347050791632
0.2442857142857141 31415.92653589793 0.14051769623514943
0.25071428571428556 31415.92653589793 0.14067715833843214
0.257142857142857 31415.92653589793 0.14082311320723812
0.26357142857142846 31415.92653589793 0.140956709549332
0.2699999999999999 31415.92653589793 0.14107899773528026
0.27642857142857136 31415.92653589793 0.14119093831361207
0.2828571428571428 31415.92653589793 0.14129340977329036
0.28928571428571426 31415.92653589793 0.1413872156225492
0.2957142857142857 31415.92653589793 0.14147309084656146
0.30214285714285716 31415.92653589793 0.14155170779991968
0.3085714285714286 31415.92653589793 0.14162368158516694
0.31500000000000006 31415.92653589793 0.14168957496304946
0.3214285714285715 31415.92653589793 0.1417499028364716
0.32785714285714296 31415.92653589793 0.14180513634598343
0.3342857142857144 31415.92653589793 0.14185570661091323
0.34071428571428586 31415.92653589793 0.1419020081476885
0.3471428571428573 31415.92653589793 0.1419444019934485
0.35357142857142876 31415.92653589793 0.14198321856084384
0.3600000000000002 31415.92653589793 0.1420187602474909
0.36642857142857166 31415.92653589793 0.14205130382143846
0.3728571428571431 31415.92653589793 0.14208110260211762
0.37928571428571456 31415.92653589793 0.1421083884544827
0.385714285714286 31415.92653589793 0.14213337361262196
0.39214285714285746 31415.92653589793 0.1421562523473958
0.3985714285714289 31415.92653589793 0.1421772024917027
0.40500000000000036 31415.92653589793 0.14219638683561342
0.4114285714285718 31415.92653589793 0.142213954402461
0.41785714285714326 31415.92653589793 0.14223004161630992
0.4242857142857147 31415.92653589793 0.14224477336989336
0.43071428571428616 31415.92653589793 0.1422582640017621
0.4371428571428576 31415.92653589793 0.14227061819027786
0.44357142857142906 31415.92653589793 0.14228193177162535
0.4500000000000005 31415.92653589793 0.14229229248831096
0.45642857142857196 31415.92653589793 0.14230178067411484
0.4628571428571434 31415.92653589793 0.14231046988090879
0.46928571428571486 31415.92653589793 0.1423184274522531
0.4757142857142863 31415.92653589793 0.14232571504839317
0.48214285714285776 31415.92653589793 0.14233238912672252
0.4885714285714292 31415.92653589793 0.14233850138151424
0.49500000000000066 31415.92653589793 0.1423440991464046
0.5014285714285721 31415.92653589793 0.14234922576282064
0.5078571428571436 31415.92653589793 0.14235392091719645
0.514285714285715 31415.92653589793 0.1423582209495875
0.5207142857142865 31415.92653589793 0.1423621591363055
0.5271428571428579 31415.92653589793 0.14236576594847566
0.5335714285714294 31415.92653589793 0.14236906928887483
0.5400000000000008 31415.92653589793 0.14237209470864717
0.5464285714285723 31415.92653589793 0.14237486560574264
0.5528571428571437 31415.92653589793 0.1423774034065909
0.5592857142857152 31415.92653589793 0.14237972773238533
0.5657142857142866 31415.92653589793 0.14238185655136357
0.5721428571428581 31415.92653589793 0.1423838063181686
0.5785714285714295 31415.92653589793 0.14238559210152427
0.585000000000001 31415.92653589793 0.1423872277010446
0.5914285714285724 31415.92653589793 0.1423887257542454
0.5978571428571439 31415.92653589793 0.14239009783447992
0.6042857142857153 31415.92653589793 0.14239135454064475
0.6107142857142868 31415.92653589793 0.14239250557929475
0.6171428571428582 31415.92653589793 0.14239355983981905
0.6235714285714297 31415.92653589793 0.14239452546330247
0.6300000000000011 31415.92653589793 0.1423954099055726
0.6364285714285726 31415.92653589793 0.14239621999493113
0.642857142857144 31415.92653589793 0.14239696198498666
0.6492857142857155 31415.92653589793 0.14239764160308832
0.6557142857142869 31415.92653589793 0.14239826409459572
0.6621428571428584 31415.92653589793 0.14239883426354094
0.6685714285714298 31415.92653589793 0.14239935650971
0.6750000000000013 31415.92653589793 0.14239983486274063
0.6814285714285727 31415.92653589793 0.14240027301326386
0.6878571428571442 31415.92653589793 0.14240067434140913
0.6942857142857156 31415.92653589793 0.1424010419430056
0.7007142857142871 31415.92653589793 0.14240137865345176
0.7071428571428585 31415.92653589793 0.1424016870696703
0.71357142857143 31415.92653589793 0.14240196957017517
0.7200000000000014 31415.92653589793 0.14240222833341826
0.7264285714285729 31415.92653589793 0.14240246535469234
0.7328571428571443 31415.92653589793 0.1424026824614522
0.7392857142857158 31415.92653589793 0.14240288132751175
0.7457142857142872 31415.92653589793 0.1424030634859363
0.7521428571428587 31415.92653589793 0.1424032303408942
0.7585714285714301 31415.92653589793 0.14240338317848172
0.7650000000000016 31415.92653589793 0.1424035231766871
0.771428571428573 31415.92653589793 0.14240365141443895
0.7778571428571445 31415.92653589793 0.14240376888000225
0.7842857142857159 31415.92653589793 0.14240387647852795
0.7907142857142874 31415.92653589793 0.14240397503911673
0.7971428571428588 31415.92653589793 0.14240406532113334
0.8035714285714303 31415.92653589793 0.1424041480201603
0.8100000000000017 31415.92653589793 0.14240422377328518
0.8164285714285732 31415.92653589793 0.1424042931640828
0.8228571428571446 31415.92653589793 0.1424043567270423
0.8292857142857161 31415.92653589793 0.14240441495177203
0.8357142857142875 31415.92653589793 0.14240446828670494
0.842142857142859 31415.92653589793 0.1424045171426235
0.8485714285714304 31415.92653589793 0.1424045618957546
0.8550000000000019 31415.92653589793 0.14240460289073917
0.8614285714285733 31415.92653589793 0.14240464044325526
0.8678571428571448 31415.92653589793 0.14240467484243272
0.8742857142857162 31415.92653589793 0.14240470635314292
0.8807142857142877 31415.92653589793 0.14240473521798358
0.8871428571428591 31415.92653589793 0.14240476165917965
0.8935714285714306 31415.92653589793 0.14240478588029049
0.900000000000002 31415.92653589793 0.14240480806775038
0.9064285714285735 31415.92653589793 0.1424048283923532
0.9128571428571449 31415.92653589793 0.14240484701054323
0.9192857142857164 31415.92653589793 0.14240486406562256
0.9257142857142878 31415.92653589793 0.14240487968884724
0.9321428571428593 31415.92653589793 0.14240489400046838
0.9385714285714307 31415.92653589793 0.14240490711060616
0.9450000000000022 31415.92653589793 0.1424049191201521
0.9514285714285736 31415.92653589793 0.1424049301215323
0.9578571428571451 31415.92653589793 0.14240494019938738
0.9642857142857165 31415.92653589793 0.1424049494312525
0.970714285714288 31415.92653589793 0.14240495788818197
0.9771428571428594 31415.92653589793 0.14240496563522098
0.9835714285714309 31415.92653589793 0.1424049727319746
0.9900000000000023 31415.92653589793 0.1424049792330381
0.9964285714285738 31415.92653589793 0.14240498518841307
1.0028571428571451 31415.92653589793 0.14240499064392406
1.0092857142857166 31415.92653589793 0.1424049956415374
1.015714285714288 31415.92653589793 0.14240500021969466
1.0221428571428595 31415.92653589793 0.14240500441360368
1.028571428571431 31415.92653589793 0.14240500825551652
1.0350000000000024 31415.92653589793 0.14240501177497897
1.0414285714285738 31415.92653589793 0.1424050149990666
1.0478571428571453 31415.92653589793 0.14240501795257898
1.0542857142857167 31415.92653589793 0.14240502065822022
1.0607142857142882 31415.92653589793 0.14240502313679307
1.0671428571428596 31415.92653589793 0.14240502540735178
1.073571428571431 31415.92653589793 0.14240502748736847
1.0800000000000025 31415.92653589793 0.14240502939283034
1.086428571428574 31415.92653589793 0.14240503113840622
1.0928571428571454 31415.92653589793 0.14240503273748817
1.0992857142857169 31415.92653589793 0.14240503420238582
1.1057142857142883 31415.92653589793 0.142405035544354
1.1121428571428598 31415.92653589793 0.1424050367737178
1.1185714285714312 31415.92653589793 0.142405037899928
1.1250000000000027 31415.92653589793 0.1424050389316305
1.1314285714285741 31415.92653589793 0.14240503987676337
1.1378571428571456 31415.92653589793 0.14240504074259852
1.144285714285717 31415.92653589793 0.14240504153578348
1.1507142857142885 31415.92653589793 0.14240504226241055
1.15714285714286 31415.92653589793 0.14240504292807252
1.1635714285714314 31415.92653589793 0.14240504353789024
1.1700000000000028 31415.92653589793 0.1424050440965406
1.1764285714285743 31415.92653589793 0.14240504460831174
1.1828571428571457 31415.92653589793 0.14240504507714505
1.1892857142857172 31415.92653589793 0.1424050455066487
1.1957142857142886 31415.92653589793 0.14240504590011174
1.20214285714286 31415.92653589793 0.1424050462605734
1.2085714285714315 31415.92653589793 0.14240504659079536
1.215000000000003 31415.92653589793 0.14240504689330338
1.2214285714285744 31415.92653589793 0.1424050471704428
1.2278571428571459 31415.92653589793 0.14240504742432306
1.2342857142857173 31415.92653589793 0.14240504765690087
1.2407142857142888 31415.92653589793 0.14240504786998043
1.2471428571428602 31415.92653589793 0.1424050480651854
1.2535714285714317 31415.92653589793 0.14240504824401456
1.2600000000000031 31415.92653589793 0.14240504840782797
1.2664285714285746 31415.92653589793 0.14240504855791625
1.272857142857146 31415.92653589793 0.1424050486954035
1.2792857142857175 31415.92653589793 0.1424050488213583
1.285714285714289 31415.92653589793 0.1424050489367521
1.2921428571428604 31415.92653589793 0.14240504904245918
1.2985714285714318 31415.92653589793 0.14240504913929838
1.3050000000000033 31415.92653589793 0.14240504922801908
1.3114285714285747 31415.92653589793 0.14240504930930128
1.3178571428571462 31415.92653589793 0.1424050493837695
1.3242857142857176 31415.92653589793 0.14240504945197882
1.330714285714289 31415.92653589793 0.1424050495144705
1.3371428571428605 31415.92653589793 0.14240504957173025
1.343571428571432 31415.92653589793 0.1424050496241744
1.3500000000000034 31415.92653589793 0.1424050496722193
1.3564285714285749 31415.92653589793 0.14240504971623966
1.3628571428571463 31415.92653589793 0.1424050497565685
1.3692857142857178 31415.92653589793 0.14240504979351118
1.3757142857142892 31415.92653589793 0.1424050498273591
1.3821428571428607 31415.92653589793 0.14240504985837596
1.3885714285714321 31415.92653589793 0.1424050498867838
1.3950000000000036 31415.92653589793 0.14240504991280464
1.401428571428575 31415.92653589793 0.14240504993664668
1.4078571428571465 31415.92653589793 0.14240504995849032
1.414285714285718 31415.92653589793 0.1424050499785021
1.4207142857142894 31415.92653589793 0.14240504999683465
1.4271428571428608 31415.92653589793 0.14240505001362677
1.4335714285714323 31415.92653589793 0.14240505002901724
1.4400000000000037 31415.92653589793 0.14240505004311707
1.4464285714285752 31415.92653589793 0.1424050500560234
1.4528571428571466 31415.92653589793 0.14240505006786117
1.459285714285718 31415.92653589793 0.14240505007869972
1.4657142857142895 31415.92653589793 0.14240505008862234
1.472142857142861 31415.92653589793 0.14240505009772617
1.4785714285714324 31415.92653589793 0.14240505010605284
1.4850000000000039 31415.92653589793 0.14240505011368562
1.4914285714285753 31415.92653589793 0.14240505012068003
1.4978571428571468 31415.92653589793 0.14240505012709156
1.5042857142857182 31415.92653589793 0.14240505013296187
1.5107142857142897 31415.92653589793 0.14240505013834645
1.5171428571428611 31415.92653589793 0.14240505014327307
1.5235714285714326 31415.92653589793 0.14240505014778335
1.530000000000004 31415.92653589793 0.14240505015191893
1.5364285714285755 31415.92653589793 0.14240505015570756
1.542857142857147 31415.92653589793 0.142405050159177
1.5492857142857184 31415.92653589793 0.14240505016235502
1.5557142857142898 31415.92653589793 0.14240505016526936
1.5621428571428613 31415.92653589793 0.14240505016794777
1.5685714285714327 31415.92653589793 0.14240505017039026
1.5750000000000042 31415.92653589793 0.14240505017263846
1.5814285714285756 31415.92653589793 0.14240505017469238
1.587857142857147 31415.92653589793 0.14240505017656588
1.5942857142857185 31415.92653589793 0.14240505017828672
1.60071428571429 31415.92653589793 0.1424050501798688
1.6071428571428614 31415.92653589793 0.14240505018131208
1.6135714285714329 31415.92653589793 0.14240505018263047
1.6200000000000043 31415.92653589793 0.14240505018385172
1.6264285714285758 31415.92653589793 0.14240505018496194
1.6328571428571472 31415.92653589793 0.14240505018597502
1.6392857142857187 31415.92653589793 0.14240505018690483
1.6457142857142901 31415.92653589793 0.14240505018776525
1.6521428571428616 31415.92653589793 0.1424050501885424
1.658571428571433 31415.92653589793 0.14240505018926405
1.6650000000000045 31415.92653589793 0.1424050501899163
1.671428571428576 31415.92653589793 0.14240505019052693
1.6778571428571474 31415.92653589793 0.14240505019108204
1.6842857142857188 31415.92653589793 0.14240505019158164
1.6907142857142903 31415.92653589793 0.1424050501920535
1.6971428571428617 31415.92653589793 0.14240505019246982
1.7035714285714332 31415.92653589793 0.1424050501928584
1.7100000000000046 31415.92653589793 0.14240505019321922
1.716428571428576 31415.92653589793 0.1424050501935384
1.7228571428571475 31415.92653589793 0.14240505019384372
1.729285714285719 31415.92653589793 0.14240505019412128
1.7357142857142904 31415.92653589793 0.14240505019437108
1.7421428571428619 31415.92653589793 0.142405050194607
1.7485714285714333 31415.92653589793 0.14240505019481517
1.7550000000000048 31415.92653589793 0.14240505019500946
1.7614285714285762 31415.92653589793 0.14240505019518987
1.7678571428571477 31415.92653589793 0.14240505019534253
1.7742857142857191 31415.92653589793 0.14240505019549518
1.7807142857142906 31415.92653589793 0.14240505019563396
1.787142857142862 31415.92653589793 0.14240505019575886
1.7935714285714335 31415.92653589793 0.14240505019586988
1.800000000000005 31415.92653589793 0.1424050501959809
1.8064285714285764 31415.92653589793 0.14240505019607805
1.8128571428571478 31415.92653589793 0.14240505019616131
1.8192857142857193 31415.92653589793 0.14240505019624458
1.8257142857142907 31415.92653589793 0.14240505019631397
1.8321428571428622 31415.92653589793 0.14240505019638336
1.8385714285714336 31415.92653589793 0.14240505019643887
1.845000000000005 31415.92653589793 0.14240505019649438
1.8514285714285765 31415.92653589793 0.1424050501965499
1.857857142857148 31415.92653589793 0.14240505019659153
1.8642857142857194 31415.92653589793 0.14240505019663316
1.8707142857142909 31415.92653589793 0.1424050501966748
1.8771428571428623 31415.92653589793 0.14240505019671643
1.8835714285714338 31415.92653589793 0.14240505019674418
1.8900000000000052 31415.92653589793 0.14240505019677194
1.8964285714285767 31415.92653589793 0.1424050501967997
1.9028571428571481 31415.92653589793 0.14240505019682745
1.9092857142857196 31415.92653589793 0.1424050501968552
1.915714285714291 31415.92653589793 0.14240505019686908
1.9221428571428625 31415.92653589793 0.14240505019689684
1.928571428571434 31415.92653589793 0.14240505019691072
1.9350000000000054 31415.92653589793 0.1424050501969246
1.9414285714285768 31415.92653589793 0.14240505019693847
1.9478571428571483 31415.92653589793 0.14240505019695235
1.9542857142857197 31415.92653589793 0.14240505019696623
1.9607142857142912 31415.92653589793 0.1424050501969801
1.9671428571428626 31415.92653589793 0.14240505019699398
1.973571428571434 31415.92653589793 0.14240505019700786
1.9800000000000055 31415.92653589793 0.14240505019702174
1.986428571428577 31415.92653589793 0.14240505019702174
1.9928571428571484 31415.92653589793 0.14240505019702174
1.9992857142857199 31415.92653589793 0.14240505019703562
2.005714285714291 31415.92653589793 0.14240505019703562
2.0121428571428623 31415.92653589793 0.1424050501970495
2.0185714285714336 31415.92653589793 0.1424050501970495
2.025000000000005 31415.92653589793 0.1424050501970495
2.031428571428576 31415.92653589793 0.14240505019706337
2.0378571428571473 31415.92653589793 0.14240505019706337
2.0442857142857185 31415.92653589793 0.14240505019706337
2.0507142857142897 31415.92653589793 0.14240505019706337
2.057142857142861 31415.92653589793 0.14240505019706337
2.063571428571432 31415.92653589793 0.14240505019707725
2.0700000000000034 31415.92653589793 0.14240505019707725
2.0764285714285746 31415.92653589793 0.14240505019707725
2.082857142857146 31415.92653589793 0.14240505019707725
2.089285714285717 31415.92653589793 0.14240505019707725
2.0957142857142883 31415.92653589793 0.14240505019707725
2.1021428571428595 31415.92653589793 0.14240505019707725
2.1085714285714308 31415.92653589793 0.14240505019707725
2.115000000000002 31415.92653589793 0.14240505019707725
2.121428571428573 31415.92653589793 0.14240505019707725
2.1278571428571444 31415.92653589793 0.14240505019707725
2.1342857142857157 31415.92653589793 0.14240505019707725
2.140714285714287 31415.92653589793 0.14240505019707725
2.147142857142858 31415.92653589793 0.14240505019707725
2.1535714285714294 31415.92653589793 0.14240505019707725
2.1600000000000006 31415.92653589793 0.14240505019707725
2.166428571428572 31415.92653589793 0.14240505019707725
2.172857142857143 31415.92653589793 0.14240505019707725
2.1792857142857143 31415.92653589793 0.14240505019707725
2.1857142857142855 31415.92653589793 0.14240505019707725
2.1921428571428567 31415.92653589793 0.14240505019707725
2.198571428571428 31415.92653589793 0.14240505019707725
2.204999999999999 31415.92653589793 0.14240505019707725
2.2114285714285704 31415.92653589793 0.14240505019707725
2.2178571428571416 31415.92653589793 0.14240505019707725
2.224285714285713 31415.92653589793 0.14240505019707725
2.230714285714284 31415.92653589793 0.14240505019707725
2.2371428571428553 31415.92653589793 0.14240505019707725
2.2435714285714266 31415.92653589793 0.14240505019707725
2.249999999999998 31415.92653589793 0.14240505019707725
2.256428571428569 31415.92653589793 0.14240505019707725
2.2628571428571402 31415.92653589793 0.14240505019707725
2.2692857142857115 31415.92653589793 0.14240505019707725
2.2757142857142827 31415.92653589793 0.14240505019707725
2.282142857142854 31415.92653589793 0.14240505019707725
2.288571428571425 31415.92653589793 0.14240505019707725
2.2949999999999964 31415.92653589793 0.14240505019707725
2.3014285714285676 31415.92653589793 0.14240505019707725
2.307857142857139 31415.92653589793 0.14240505019707725
2.31428571428571 31415.92653589793 0.14240505019707725
2.3207142857142813 31415.92653589793 0.14240505019707725
2.3271428571428525 31415.92653589793 0.14240505019709113
2.3335714285714237 31415.92653589793 0.14240505019709113
2.339999999999995 31415.92653589793 0.14240505019709113
2.346428571428566 31415.92653589793 0.14240505019709113
2.3528571428571374 31415.92653589793 0.14240505019709113
2.3592857142857087 31415.92653589793 0.14240505019709113
2.36571428571428 31415.92653589793 0.14240505019709113
2.372142857142851 31415.92653589793 0.14240505019709113
2.3785714285714223 31415.92653589793 0.14240505019709113
2.3849999999999936 31415.92653589793 0.14240505019709113
2.391428571428565 31415.92653589793 0.14240505019709113
2.397857142857136 31415.92653589793 0.14240505019709113
2.4042857142857073 31415.92653589793 0.14240505019709113
2.4107142857142785 31415.92653589793 0.14240505019709113
2.4171428571428497 31415.92653589793 0.14240505019709113
2.423571428571421 31415.92653589793 0.14240505019709113
2.429999999999992 31415.92653589793 0.14240505019709113
2.4364285714285634 31415.92653589793 0.14240505019709113
2.4428571428571346 31415.92653589793 0.14240505019709113
2.449285714285706 31415.92653589793 0.14240505019709113
2.455714285714277 31415.92653589793 0.14240505019709113
2.4621428571428483 31415.92653589793 0.14240505019709113
2.4685714285714195 31415.92653589793 0.14240505019709113
2.4749999999999908 31415.92653589793 0.14240505019709113
2.481428571428562 31415.92653589793 0.14240505019709113
2.487857142857133 31415.92653589793 0.14240505019709113
2.4942857142857044 31415.92653589793 0.14240505019709113
2.5007142857142757 31415.92653589793 0.14240505019709113
2.507142857142847 31415.92653589793 0.14240505019709113
2.513571428571418 31415.92653589793 0.14240505019709113
2.5199999999999894 31415.92653589793 0.14240505019709113
2.5264285714285606 31415.92653589793 0.14240505019709113
2.532857142857132 31415.92653589793 0.14240505019709113
2.539285714285703 31415.92653589793 0.14240505019709113
2.5457142857142743 31415.92653589793 0.14240505019709113
2.5521428571428455 31415.92653589793 0.14240505019709113
2.5585714285714167 31415.92653589793 0.14240505019709113
2.564999999999988 31415.92653589793 0.14240505019709113
2.571428571428559 31415.92653589793 0.14240505019709113
2.5778571428571304 31415.92653589793 0.14240505019709113
2.5842857142857016 31415.92653589793 0.14240505019709113
2.590714285714273 31415.92653589793 0.14240505019709113
2.597142857142844 31415.92653589793 0.14240505019709113
2.6035714285714153 31415.92653589793 0.14240505019709113
2.6099999999999866 31415.92653589793 0.14240505019709113
2.616428571428558 31415.92653589793 0.14240505019709113
2.622857142857129 31415.92653589793 0.14240505019709113
2.6292857142857002 31415.92653589793 0.14240505019709113
2.6357142857142715 31415.92653589793 0.14240505019709113
2.6421428571428427 31415.92653589793 0.14240505019709113
2.648571428571414 31415.92653589793 0.14240505019709113
2.654999999999985 31415.92653589793 0.14240505019709113
2.6614285714285564 31415.92653589793 0.14240505019709113
2.6678571428571276 31415.92653589793 0.14240505019709113
2.674285714285699 31415.92653589793 0.14240505019709113
2.68071428571427 31415.92653589793 0.14240505019709113
2.6871428571428413 31415.92653589793 0.14240505019709113
2.6935714285714125 31415.92653589793 0.14240505019709113
2.6999999999999837 31415.92653589793 0.14240505019709113
2.706428571428555 31415.92653589793 0.14240505019709113
2.712857142857126 31415.92653589793 0.14240505019709113
2.7192857142856974 31415.92653589793 0.14240505019709113
2.7257142857142687 31415.92653589793 0.14240505019709113
2.73214285714284 31415.92653589793 0.14240505019709113
2.738571428571411 31415.92653589793 0.14240505019709113
2.7449999999999823 31415.92653589793 0.14240505019709113
2.7514285714285536 31415.92653589793 0.14240505019709113
2.757857142857125 31415.92653589793 0.14240505019709113
2.764285714285696 31415.92653589793 0.14240505019709113
2.7707142857142673 31415.92653589793 0.14240505019709113
2.7771428571428385 31415.92653589793 0.14240505019709113
2.7835714285714097 31415.92653589793 0.14240505019709113
2.789999999999981 31415.92653589793 0.14240505019709113
2.796428571428552 31415.92653589793 0.14240505019709113
2.8028571428571234 31415.92653589793 0.14240505019709113
2.8092857142856946 31415.92653589793 0.14240505019709113
2.815714285714266 31415.92653589793 0.14240505019709113
2.822142857142837 31415.92653589793 0.14240505019709113
2.8285714285714083 31415.92653589793 0.14240505019709113
2.8349999999999795 31415.92653589793 0.14240505019709113
2.8414285714285508 31415.92653589793 0.14240505019709113
2.847857142857122 31415.92653589793 0.14240505019709113
2.854285714285693 31415.92653589793 0.14240505019709113
2.8607142857142644 31415.92653589793 0.14240505019709113
2.8671428571428357 31415.92653589793 0.14240505019709113
2.873571428571407 31415.92653589793 0.14240505019709113
2.879999999999978 31415.92653589793 0.14240505019709113
2.8864285714285494 31415.92653589793 0.14240505019709113
2.8928571428571206 31415.92653589793 0.14240505019709113
2.899285714285692 31415.92653589793 0.14240505019709113
2.905714285714263 31415.92653589793 0.14240505019709113
2.9121428571428343 31415.92653589793 0.14240505019709113
2.9185714285714055 31415.92653589793 0.14240505019709113
2.9249999999999767 31415.92653589793 0.14240505019709113
2.931428571428548 31415.92653589793 0.14240505019709113
2.937857142857119 31415.92653589793 0.14240505019709113
2.9442857142856904 31415.92653589793 0.14240505019709113
2.9507142857142616 31415.92653589793 0.14240505019709113
2.957142857142833 31415.92653589793 0.14240505019709113
2.963571428571404 31415.92653589793 0.14240505019709113
2.9699999999999753 31415.92653589793 0.14240505019709113
2.9764285714285466 31415.92653589793 0.14240505019709113
2.982857142857118 31415.92653589793 0.14240505019709113
2.989285714285689 31415.92653589793 0.14240505019709113
2.9957142857142602 31415.92653589793 0.14240505019709113
3.0021428571428315 31415.92653589793 0.14240505019709113
3.0085714285714027 31415.92653589793 0.14240505019709113
3.014999999999974 31415.92653589793 0.14240505019709113
3.021428571428545 31415.92653589793 0.14240505019709113
3.0278571428571164 31415.92653589793 0.14240505019709113
3.0342857142856876 31415.92653589793 0.14240505019709113
3.040714285714259 31415.92653589793 0.14240505019709113
3.04714285714283 31415.92653589793 0.14240505019709113
3.0535714285714013 31415.92653589793 0.14240505019709113
3.0599999999999725 31415.92653589793 0.14240505019709113
3.0664285714285437 31415.92653589793 0.14240505019709113
3.072857142857115 31415.92653589793 0.14240505019709113
3.079285714285686 31415.92653589793 0.14240505019709113
3.0857142857142574 31415.92653589793 0.14240505019709113
3.0921428571428287 31415.92653589793 0.14240505019709113
3.0985714285714 31415.92653589793 0.14240505019709113
3.104999999999971 31415.92653589793 0.14240505019709113
3.1114285714285423 31415.92653589793 0.14240505019709113
3.1178571428571136 31415.92653589793 0.14240505019709113
3.124285714285685 31415.92653589793 0.14240505019709113
3.130714285714256 31415.92653589793 0.14240505019709113
3.1371428571428273 31415.92653589793 0.14240505019709113
3.1435714285713985 31415.92653589793 0.14240505019709113
3.1499999999999697 31415.92653589793 0.14240505019709113
3.156428571428541 31415.92653589793 0.14240505019709113
3.162857142857112 31415.92653589793 0.14240505019709113
3.1692857142856834 31415.92653589793 0.14240505019709113
3.1757142857142546 31415.92653589793 0.14240505019709113
3.182142857142826 31415.92653589793 0.14240505019709113
3.188571428571397 31415.92653589793 0.14240505019709113
3.1949999999999683 31415.92653589793 0.14240505019709113
3.2014285714285395 31415.92653589793 0.14240505019709113
3.2078571428571108 31415.92653589793 0.14240505019709113
3.214285714285682 31415.92653589793 0.14240505019709113
3.2207142857142532 31415.92653589793 0.14240505019709113
3.2271428571428245 31415.92653589793 0.14240505019709113
3.2335714285713957 31415.92653589793 0.14240505019709113
3.239999999999967 31415.92653589793 0.14240505019709113
3.246428571428538 31415.92653589793 0.14240505019709113
3.2528571428571094 31415.92653589793 0.14240505019709113
3.2592857142856806 31415.92653589793 0.14240505019709113
3.265714285714252 31415.92653589793 0.14240505019709113
3.272142857142823 31415.92653589793 0.14240505019709113
3.2785714285713943 31415.92653589793 0.14240505019709113
3.2849999999999655 31415.92653589793 0.14240505019709113
3.2914285714285367 31415.92653589793 0.14240505019709113
3.297857142857108 31415.92653589793 0.14240505019709113
3.304285714285679 31415.92653589793 0.14240505019709113
3.3107142857142504 31415.92653589793 0.14240505019709113
3.3171428571428216 31415.92653589793 0.14240505019709113
3.323571428571393 31415.92653589793 0.14240505019709113
3.329999999999964 31415.92653589793 0.14240505019709113
3.3364285714285353 31415.92653589793 0.14240505019709113
3.3428571428571066 31415.92653589793 0.14240505019709113
3.349285714285678 31415.92653589793 0.14240505019709113
3.355714285714249 31415.92653589793 0.14240505019709113
3.3621428571428202 31415.92653589793 0.14240505019709113
3.3685714285713915 31415.92653589793 0.14240505019709113
3.3749999999999627 31415.92653589793 0.14240505019709113
3.381428571428534 31415.92653589793 0.14240505019709113
3.387857142857105 31415.92653589793 0.14240505019709113
3.3942857142856764 31415.92653589793 0.14240505019709113
3.4007142857142476 31415.92653589793 0.14240505019709113
3.407142857142819 31415.92653589793 0.14240505019709113
3.41357142857139 31415.92653589793 0.14240505019709113
3.4199999999999613 31415.92653589793 0.14240505019709113
3.4264285714285325 31415.92653589793 0.14240505019709113
3.4328571428571037 31415.92653589793 0.14240505019709113
3.439285714285675 31415.92653589793 0.14240505019709113
3.445714285714246 31415.92653589793 0.14240505019709113
3.4521428571428174 31415.92653589793 0.14240505019709113
3.4585714285713887 31415.92653589793 0.14240505019709113
3.46499999999996 31415.92653589793 0.14240505019709113
3.471428571428531 31415.92653589793 0.14240505019709113
3.4778571428571023 31415.92653589793 0.14240505019709113
3.4842857142856736 31415.92653589793 0.14240505019709113
3.490714285714245 31415.92653589793 0.14240505019709113
3.497142857142816 31415.92653589793 0.14240505019709113
3.5035714285713873 31415.92653589793 0.14240505019709113
3.5099999999999585 31415.92653589793 0.14240505019709113
3.5164285714285297 31415.92653589793 0.14240505019709113
3.522857142857101 31415.92653589793 0.14240505019709113
3.529285714285672 31415.92653589793 0.14240505019709113
3.5357142857142434 31415.92653589793 0.14240505019709113
3.5421428571428146 31415.92653589793 0.14240505019709113
3.548571428571386 31415.92653589793 0.14240505019709113
3.554999999999957 31415.92653589793 0.14240505019709113
3.5614285714285283 31415.92653589793 0.14240505019709113
3.5678571428570995 31415.92653589793 0.14240505019709113
3.5742857142856708 31415.92653589793 0.14240505019709113
3.580714285714242 31415.92653589793 0.14240505019709113
3.5871428571428132 31415.92653589793 0.14240505019709113
3.5935714285713845 31415.92653589793 0.14240505019709113
3.5999999999999557 31415.92653589793 0.14240505019709113
3.606428571428527 31415.92653589793 0.14240505019709113
3.612857142857098 31415.92653589793 0.14240505019709113
3.6192857142856694 31415.92653589793 0.14240505019709113
3.6257142857142406 31415.92653589793 0.14240505019709113
3.632142857142812 31415.92653589793 0.14240505019709113
3.638571428571383 31415.92653589793 0.14240505019709113
3.6449999999999543 31415.92653589793 0.14240505019709113
3.6514285714285255 31415.92653589793 0.14240505019709113
3.6578571428570967 31415.92653589793 0.14240505019709113
3.664285714285668 31415.92653589793 0.14240505019709113
3.670714285714239 31415.92653589793 0.14240505019709113
3.6771428571428104 31415.92653589793 0.14240505019709113
3.6835714285713816 31415.92653589793 0.14240505019709113
3.689999999999953 31415.92653589793 0.14240505019709113
3.696428571428524 31415.92653589793 0.14240505019709113
3.7028571428570953 31415.92653589793 0.14240505019709113
3.7092857142856666 31415.92653589793 0.14240505019709113
3.715714285714238 31415.92653589793 0.14240505019709113
3.722142857142809 31415.92653589793 0.14240505019709113
3.7285714285713802 31415.92653589793 0.14240505019709113
3.7349999999999515 31415.92653589793 0.14240505019709113
3.7414285714285227 31415.92653589793 0.14240505019709113
3.747857142857094 31415.92653589793 0.14240505019709113
3.754285714285665 31415.92653589793 0.14240505019709113
3.7607142857142364 31415.92653589793 0.14240505019709113
3.7671428571428076 31415.92653589793 0.14240505019709113
3.773571428571379 31415.92653589793 0.14240505019709113
3.77999999999995 31415.92653589793 0.14240505019709113
3.7864285714285213 31415.92653589793 0.14240505019709113
3.7928571428570925 31415.92653589793 0.14240505019709113
3.7992857142856638 31415.92653589793 0.14240505019709113
3.805714285714235 31415.92653589793 0.14240505019709113
3.812142857142806 31415.92653589793 0.14240505019709113
3.8185714285713774 31415.92653589793 0.14240505019709113
3.8249999999999487 31415.92653589793 0.14240505019709113
3.83142857142852 31415.92653589793 0.14240505019709113
3.837857142857091 31415.92653589793 0.14240505019709113
3.8442857142856623 31415.92653589793 0.14240505019709113
3.8507142857142336 31415.92653589793 0.14240505019709113
3.857142857142805 31415.92653589793 0.14240505019709113
3.863571428571376 31415.92653589793 0.14240505019709113
3.8699999999999473 31415.92653589793 0.14240505019709113
3.8764285714285185 31415.92653589793 0.14240505019709113
3.8828571428570897 31415.92653589793 0.14240505019709113
3.889285714285661 31415.92653589793 0.14240505019709113
3.895714285714232 31415.92653589793 0.14240505019709113
3.9021428571428034 31415.92653589793 0.14240505019709113
3.9085714285713746 31415.92653589793 0.14240505019709113
3.914999999999946 31415.92653589793 0.14240505019709113
3.921428571428517 31415.92653589793 0.14240505019709113
3.9278571428570883 31415.92653589793 0.14240505019709113
3.9342857142856595 31415.92653589793 0.14240505019709113
3.9407142857142308 31415.92653589793 0.14240505019709113
3.947142857142802 31415.92653589793 0.14240505019709113
3.9535714285713732 31415.92653589793 0.14240505019709113
3.9599999999999445 31415.92653589793 0.14240505019709113
3.9664285714285157 31415.92653589793 0.14240505019709113
3.972857142857087 31415.92653589793 0.14240505019709113
3.979285714285658 31415.92653589793 0.14240505019709113
3.9857142857142294 31415.92653589793 0.14240505019709113
3.9921428571428006 31415.92653589793 0.14240505019709113
3.998571428571372 31415.92653589793 0.14240505019709113
4.004999999999943 31415.92653589793 0.14240505019709113
4.011428571428515 31415.92653589793 0.14240505019709113
4.017857142857086 31415.92653589793 0.14240505019709113
4.024285714285658 31415.92653589793 0.14240505019709113
4.03071428571423 31415.92653589793 0.14240505019709113
4.037142857142801 31415.92653589793 0.14240505019709113
4.043571428571373 31415.92653589793 0.14240505019709113
4.049999999999945 31415.92653589793 0.14240505019709113
4.056428571428516 31415.92653589793 0.14240505019709113
4.062857142857088 31415.92653589793 0.14240505019709113
4.06928571428566 31415.92653589793 0.14240505019709113
4.075714285714231 31415.92653589793 0.14240505019709113
4.082142857142803 31415.92653589793 0.14240505019709113
4.088571428571375 31415.92653589793 0.14240505019709113
4.0949999999999465 31415.92653589793 0.14240505019709113
4.101428571428518 31415.92653589793 0.14240505019709113
4.10785714285709 31415.92653589793 0.14240505019709113
4.1142857142856615 31415.92653589793 0.14240505019709113
4.120714285714233 31415.92653589793 0.14240505019709113
4.127142857142805 31415.92653589793 0.14240505019709113
4.1335714285713765 31415.92653589793 0.14240505019709113
4.139999999999948 31415.92653589793 0.14240505019709113
4.14642857142852 31415.92653589793 0.14240505019709113
4.1528571428570915 31415.92653589793 0.14240505019709113
4.159285714285663 31415.92653589793 0.14240505019709113
4.165714285714235 31415.92653589793 0.14240505019709113
4.1721428571428065 31415.92653589793 0.14240505019709113
4.178571428571378 31415.92653589793 0.14240505019709113
4.18499999999995 31415.92653589793 0.14240505019709113
4.1914285714285215 31415.92653589793 0.14240505019709113
4.197857142857093 31415.92653589793 0.14240505019709113
4.204285714285665 31415.92653589793 0.14240505019709113
4.210714285714237 31415.92653589793 0.14240505019709113
4.217142857142808 31415.92653589793 0.14240505019709113
4.22357142857138 31415.92653589793 0.14240505019709113
4.229999999999952 31415.92653589793 0.14240505019709113
4.236428571428523 31415.92653589793 0.14240505019709113
4.242857142857095 31415.92653589793 0.14240505019709113
4.249285714285667 31415.92653589793 0.14240505019709113
4.255714285714238 31415.92653589793 0.14240505019709113
4.26214285714281 31415.92653589793 0.14240505019709113
4.268571428571382 31415.92653589793 0.14240505019709113
4.274999999999953 31415.92653589793 0.14240505019709113
4.281428571428525 31415.92653589793 0.14240505019709113
4.287857142857097 31415.92653589793 0.14240505019709113
4.294285714285668 31415.92653589793 0.14240505019709113
4.30071428571424 31415.92653589793 0.14240505019709113
4.307142857142812 31415.92653589793 0.14240505019709113
4.313571428571383 31415.92653589793 0.14240505019709113
4.319999999999955 31415.92653589793 0.14240505019709113
4.326428571428527 31415.92653589793 0.14240505019709113
4.332857142857098 31415.92653589793 0.14240505019709113
4.33928571428567 31415.92653589793 0.14240505019709113
4.345714285714242 31415.92653589793 0.14240505019709113
4.352142857142813 31415.92653589793 0.14240505019709113
4.358571428571385 31415.92653589793 0.14240505019709113
4.364999999999957 31415.92653589793 0.14240505019709113
4.371428571428528 31415.92653589793 0.14240505019709113
4.3778571428571 31415.92653589793 0.14240505019709113
4.384285714285672 31415.92653589793 0.14240505019709113
4.390714285714243 31415.92653589793 0.14240505019709113
4.397142857142815 31415.92653589793 0.14240505019709113
4.403571428571387 31415.92653589793 0.14240505019709113
4.409999999999958 31415.92653589793 0.14240505019709113
4.41642857142853 31415.92653589793 0.14240505019709113
4.422857142857102 31415.92653589793 0.14240505019709113
4.429285714285673 31415.92653589793 0.14240505019709113
4.435714285714245 31415.92653589793 0.14240505019709113
4.442142857142817 31415.92653589793 0.14240505019709113
4.448571428571388 31415.92653589793 0.14240505019709113
4.45499999999996 31415.92653589793 0.14240505019709113
4.461428571428532 31415.92653589793 0.14240505019709113
4.4678571428571034 31415.92653589793 0.14240505019709113
4.474285714285675 31415.92653589793 0.14240505019709113
4.480714285714247 31415.92653589793 0.14240505019709113
4.4871428571428185 31415.92653589793 0.14240505019709113
4.49357142857139 31415.92653589793 0.14240505019709113
4.499999999999962 31415.92653589793 0.14240505019709113
4.5064285714285335 31415.92653589793 0.14240505019709113
4.512857142857105 31415.92653589793 0.14240505019709113
4.519285714285677 31415.92653589793 0.14240505019709113
4.5257142857142485 31415.92653589793 0.14240505019709113
4.53214285714282 31415.92653589793 0.14240505019709113
4.538571428571392 31415.92653589793 0.14240505019709113
4.5449999999999635 31415.92653589793 0.14240505019709113
4.551428571428535 31415.92653589793 0.14240505019709113
4.557857142857107 31415.92653589793 0.14240505019709113
4.5642857142856785 31415.92653589793 0.14240505019709113
4.57071428571425 31415.92653589793 0.14240505019709113
4.577142857142822 31415.92653589793 0.14240505019709113
4.5835714285713935 31415.92653589793 0.14240505019709113
4.589999999999965 31415.92653589793 0.14240505019709113
4.596428571428537 31415.92653589793 0.14240505019709113
4.602857142857109 31415.92653589793 0.14240505019709113
4.60928571428568 31415.92653589793 0.14240505019709113
4.615714285714252 31415.92653589793 0.14240505019709113
4.622142857142824 31415.92653589793 0.14240505019709113
4.628571428571395 31415.92653589793 0.14240505019709113
4.634999999999967 31415.92653589793 0.14240505019709113
4.641428571428539 31415.92653589793 0.14240505019709113
4.64785714285711 31415.92653589793 0.14240505019709113
4.654285714285682 31415.92653589793 0.14240505019709113
4.660714285714254 31415.92653589793 0.14240505019709113
4.667142857142825 31415.92653589793 0.14240505019709113
4.673571428571397 31415.92653589793 0.14240505019709113
4.679999999999969 31415.92653589793 0.14240505019709113
4.68642857142854 31415.92653589793 0.14240505019709113
4.692857142857112 31415.92653589793 0.14240505019709113
4.699285714285684 31415.92653589793 0.14240505019709113
4.705714285714255 31415.92653589793 0.14240505019709113
4.712142857142827 31415.92653589793 0.14240505019709113
4.718571428571399 31415.92653589793 0.14240505019709113
4.72499999999997 31415.92653589793 0.14240505019709113
4.731428571428542 31415.92653589793 0.14240505019709113
4.737857142857114 31415.92653589793 0.14240505019709113
4.744285714285685 31415.92653589793 0.14240505019709113
4.750714285714257 31415.92653589793 0.14240505019709113
4.757142857142829 31415.92653589793 0.14240505019709113
4.7635714285714 31415.92653589793 0.14240505019709113
4.769999999999972 31415.92653589793 0.14240505019709113
4.776428571428544 31415.92653589793 0.14240505019709113
4.782857142857115 31415.92653589793 0.14240505019709113
4.789285714285687 31415.92653589793 0.14240505019709113
4.795714285714259 31415.92653589793 0.14240505019709113
4.80214285714283 31415.92653589793 0.14240505019709113
4.808571428571402 31415.92653589793 0.14240505019709113
4.814999999999974 31415.92653589793 0.14240505019709113
4.821428571428545 31415.92653589793 0.14240505019709113
4.827857142857117 31415.92653589793 0.14240505019709113
4.834285714285689 31415.92653589793 0.14240505019709113
4.84071428571426 31415.92653589793 0.14240505019709113
4.847142857142832 31415.92653589793 0.14240505019709113
4.853571428571404 31415.92653589793 0.14240505019709113
4.8599999999999755 31415.92653589793 0.14240505019709113
4.866428571428547 31415.92653589793 0.14240505019709113
4.872857142857119 31415.92653589793 0.14240505019709113
4.8792857142856905 31415.92653589793 0.14240505019709113
4.885714285714262 31415.92653589793 0.14240505019709113
4.892142857142834 31415.92653589793 0.14240505019709113
4.8985714285714055 31415.92653589793 0.14240505019709113
4.904999999999977 31415.92653589793 0.14240505019709113
4.911428571428549 31415.92653589793 0.14240505019709113
4.9178571428571205 31415.92653589793 0.14240505019709113
4.924285714285692 31415.92653589793 0.14240505019709113
4.930714285714264 31415.92653589793 0.14240505019709113
4.9371428571428355 31415.92653589793 0.14240505019709113
4.943571428571407 31415.92653589793 0.14240505019709113
4.949999999999979 31415.92653589793 0.14240505019709113
4.9564285714285505 31415.92653589793 0.14240505019709113
4.962857142857122 31415.92653589793 0.14240505019709113
4.969285714285694 31415.92653589793 0.14240505019709113
4.9757142857142656 31415.92653589793 0.14240505019709113
4.982142857142837 31415.92653589793 0.14240505019709113
4.988571428571409 31415.92653589793 0.14240505019709113
4.994999999999981 31415.92653589793 0.14240505019709113
5.001428571428552 31415.92653589793 0.14240505019709113
5.007857142857124 31415.92653589793 0.14240505019709113
5.014285714285696 31415.92653589793 0.14240505019709113
5.020714285714267 31415.92653589793 0.14240505019709113
5.027142857142839 31415.92653589793 0.14240505019709113
5.033571428571411 31415.92653589793 0.14240505019709113
5.039999999999982 31415.92653589793 0.14240505019709113
5.046428571428554 31415.92653589793 0.14240505019709113
5.052857142857126 31415.92653589793 0.14240505019709113
5.059285714285697 31415.92653589793 0.14240505019709113
5.065714285714269 31415.92653589793 0.14240505019709113
5.072142857142841 31415.92653589793 0.14240505019709113
5.078571428571412 31415.92653589793 0.14240505019709113
5.084999999999984 31415.92653589793 0.14240505019709113
5.091428571428556 31415.92653589793 0.14240505019709113
5.097857142857127 31415.92653589793 0.14240505019709113
5.104285714285699 31415.92653589793 0.14240505019709113
5.110714285714271 31415.92653589793 0.14240505019709113
5.117142857142842 31415.92653589793 0.14240505019709113
5.123571428571414 31415.92653589793 0.14240505019709113
5.129999999999986 31415.92653589793 0.14240505019709113
5.136428571428557 31415.92653589793 0.14240505019709113
5.142857142857129 31415.92653589793 0.14240505019709113
5.149285714285701 31415.92653589793 0.14240505019709113
5.155714285714272 31415.92653589793 0.14240505019709113
5.162142857142844 31415.92653589793 0.14240505019709113
5.168571428571416 31415.92653589793 0.14240505019709113
5.174999999999987 31415.92653589793 0.14240505019709113
5.181428571428559 31415.92653589793 0.14240505019709113
5.187857142857131 31415.92653589793 0.14240505019709113
5.194285714285702 31415.92653589793 0.14240505019709113
5.200714285714274 31415.92653589793 0.14240505019709113
5.207142857142846 31415.92653589793 0.14240505019709113
5.213571428571417 31415.92653589793 0.14240505019709113
5.219999999999989 31415.92653589793 0.14240505019709113
5.226428571428561 31415.92653589793 0.14240505019709113
5.232857142857132 31415.92653589793 0.14240505019709113
5.239285714285704 31415.92653589793 0.14240505019709113
5.245714285714276 31415.92653589793 0.14240505019709113
5.2521428571428475 31415.92653589793 0.14240505019709113
5.258571428571419 31415.92653589793 0.14240505019709113
5.264999999999991 31415.92653589793 0.14240505019709113
5.2714285714285625 31415.92653589793 0.14240505019709113
5.277857142857134 31415.92653589793 0.14240505019709113
5.284285714285706 31415.92653589793 0.14240505019709113
5.2907142857142775 31415.92653589793 0.14240505019709113
5.297142857142849 31415.92653589793 0.14240505019709113
5.303571428571421 31415.92653589793 0.14240505019709113
5.3099999999999925 31415.92653589793 0.14240505019709113
5.316428571428564 31415.92653589793 0.14240505019709113
5.322857142857136 31415.92653589793 0.14240505019709113
5.3292857142857075 31415.92653589793 0.14240505019709113
5.335714285714279 31415.92653589793 0.14240505019709113
5.342142857142851 31415.92653589793 0.14240505019709113
5.3485714285714225 31415.92653589793 0.14240505019709113
5.354999999999994 31415.92653589793 0.14240505019709113
5.361428571428566 31415.92653589793 0.14240505019709113
5.3678571428571376 31415.92653589793 0.14240505019709113
5.374285714285709 31415.92653589793 0.14240505019709113
5.380714285714281 31415.92653589793 0.14240505019709113
5.387142857142853 31415.92653589793 0.14240505019709113
5.393571428571424 31415.92653589793 0.14240505019709113
5.399999999999996 31415.92653589793 0.14240505019709113
5.406428571428568 31415.92653589793 0.14240505019709113
5.412857142857139 31415.92653589793 0.14240505019709113
5.419285714285711 31415.92653589793 0.14240505019709113
5.425714285714283 31415.92653589793 0.14240505019709113
5.432142857142854 31415.92653589793 0.14240505019709113
5.438571428571426 31415.92653589793 0.14240505019709113
5.444999999999998 31415.92653589793 0.14240505019709113
5.451428571428569 31415.92653589793 0.14240505019709113
5.457857142857141 31415.92653589793 0.14240505019709113
5.464285714285713 31415.92653589793 0.14240505019709113
5.470714285714284 31415.92653589793 0.14240505019709113
5.477142857142856 31415.92653589793 0.14240505019709113
5.483571428571428 31415.92653589793 0.14240505019709113
5.489999999999999 31415.92653589793 0.14240505019709113
5.496428571428571 31415.92653589793 0.14240505019709113
5.502857142857143 31415.92653589793 0.14240505019709113
5.509285714285714 31415.92653589793 0.14240505019709113
5.515714285714286 31415.92653589793 0.14240505019709113
5.522142857142858 31415.92653589793 0.14240505019709113
5.528571428571429 31415.92653589793 0.14240505019709113
5.535000000000001 31415.92653589793 0.14240505019709113
5.541428571428573 31415.92653589793 0.14240505019709113
5.547857142857144 31415.92653589793 0.14240505019709113
5.554285714285716 31415.92653589793 0.14240505019709113
5.560714285714288 31415.92653589793 0.14240505019709113
5.567142857142859 31415.92653589793 0.14240505019709113
5.573571428571431 31415.92653589793 0.14240505019709113
5.580000000000003 31415.92653589793 0.14240505019709113
5.586428571428574 31415.92653589793 0.14240505019709113
5.592857142857146 31415.92653589793 0.14240505019709113
5.599285714285718 31415.92653589793 0.14240505019709113
5.605714285714289 31415.92653589793 0.14240505019709113
5.612142857142861 31415.92653589793 0.14240505019709113
5.618571428571433 31415.92653589793 0.14240505019709113
5.625000000000004 31415.92653589793 0.14240505019709113
5.631428571428576 31415.92653589793 0.14240505019709113
5.637857142857148 31415.92653589793 0.14240505019709113
5.6442857142857195 31415.92653589793 0.14240505019709113
5.650714285714291 31415.92653589793 0.14240505019709113
5.657142857142863 31415.92653589793 0.14240505019709113
5.6635714285714345 31415.92653589793 0.14240505019709113
5.670000000000006 31415.92653589793 0.14240505019709113
5.676428571428578 31415.92653589793 0.14240505019709113
5.6828571428571495 31415.92653589793 0.14240505019709113
5.689285714285721 31415.92653589793 0.14240505019709113
5.695714285714293 31415.92653589793 0.14240505019709113
5.7021428571428645 31415.92653589793 0.14240505019709113
5.708571428571436 31415.92653589793 0.14240505019709113
5.715000000000008 31415.92653589793 0.14240505019709113
5.7214285714285795 31415.92653589793 0.14240505019709113
5.727857142857151 31415.92653589793 0.14240505019709113
5.734285714285723 31415.92653589793 0.14240505019709113
5.7407142857142945 31415.92653589793 0.14240505019709113
5.747142857142866 31415.92653589793 0.14240505019709113
5.753571428571438 31415.92653589793 0.14240505019709113
5.76000000000001 31415.92653589793 0.14240505019709113
5.766428571428581 31415.92653589793 0.14240505019709113
5.772857142857153 31415.92653589793 0.14240505019709113
5.779285714285725 31415.92653589793 0.14240505019709113
5.785714285714296 31415.92653589793 0.14240505019709113
5.792142857142868 31415.92653589793 0.14240505019709113
5.79857142857144 31415.92653589793 0.14240505019709113
5.805000000000011 31415.92653589793 0.14240505019709113
5.811428571428583 31415.92653589793 0.14240505019709113
5.817857142857155 31415.92653589793 0.14240505019709113
5.824285714285726 31415.92653589793 0.14240505019709113
5.830714285714298 31415.92653589793 0.14240505019709113
5.83714285714287 31415.92653589793 0.14240505019709113
5.843571428571441 31415.92653589793 0.14240505019709113
5.850000000000013 31415.92653589793 0.14240505019709113
5.856428571428585 31415.92653589793 0.14240505019709113
5.862857142857156 31415.92653589793 0.14240505019709113
5.869285714285728 31415.92653589793 0.14240505019709113
5.8757142857143 31415.92653589793 0.14240505019709113
5.882142857142871 31415.92653589793 0.14240505019709113
5.888571428571443 31415.92653589793 0.14240505019709113
5.895000000000015 31415.92653589793 0.14240505019709113
5.901428571428586 31415.92653589793 0.14240505019709113
5.907857142857158 31415.92653589793 0.14240505019709113
5.91428571428573 31415.92653589793 0.14240505019709113
5.920714285714301 31415.92653589793 0.14240505019709113
5.927142857142873 31415.92653589793 0.14240505019709113
5.933571428571445 31415.92653589793 0.14240505019709113
5.940000000000016 31415.92653589793 0.14240505019709113
5.946428571428588 31415.92653589793 0.14240505019709113
5.95285714285716 31415.92653589793 0.14240505019709113
5.959285714285731 31415.92653589793 0.14240505019709113
5.965714285714303 31415.92653589793 0.14240505019709113
5.972142857142875 31415.92653589793 0.14240505019709113
5.978571428571446 31415.92653589793 0.14240505019709113
5.985000000000018 31415.92653589793 0.14240505019709113
5.99142857142859 31415.92653589793 0.14240505019709113
5.997857142857161 31415.92653589793 0.14240505019709113
6.004285714285733 31415.92653589793 0.14240505019709113
6.010714285714305 31415.92653589793 0.14240505019709113
6.0171428571428764 31415.92653589793 0.14240505019709113
6.023571428571448 31415.92653589793 0.14240505019709113
6.03000000000002 31415.92653589793 0.14240505019709113
6.0364285714285915 31415.92653589793 0.14240505019709113
6.042857142857163 31415.92653589793 0.14240505019709113
6.049285714285735 31415.92653589793 0.14240505019709113
6.0557142857143065 31415.92653589793 0.14240505019709113
6.062142857142878 31415.92653589793 0.14240505019709113
6.06857142857145 31415.92653589793 0.14240505019709113
6.0750000000000215 31415.92653589793 0.14240505019709113
6.081428571428593 31415.92653589793 0.14240505019709113
6.087857142857165 31415.92653589793 0.14240505019709113
6.0942857142857365 31415.92653589793 0.14240505019709113
6.100714285714308 31415.92653589793 0.14240505019709113
6.10714285714288 31415.92653589793 0.14240505019709113
6.1135714285714515 31415.92653589793 0.14240505019709113
6.120000000000023 31415.92653589793 0.14240505019709113
6.126428571428595 31415.92653589793 0.14240505019709113
6.1328571428571665 31415.92653589793 0.14240505019709113
6.139285714285738 31415.92653589793 0.14240505019709113
6.14571428571431 31415.92653589793 0.14240505019709113
6.152142857142882 31415.92653589793 0.14240505019709113
6.158571428571453 31415.92653589793 0.14240505019709113
6.165000000000025 31415.92653589793 0.14240505019709113
6.171428571428597 31415.92653589793 0.14240505019709113
6.177857142857168 31415.92653589793 0.14240505019709113
6.18428571428574 31415.92653589793 0.14240505019709113
6.190714285714312 31415.92653589793 0.14240505019709113
6.197142857142883 31415.92653589793 0.14240505019709113
6.203571428571455 31415.92653589793 0.14240505019709113
6.210000000000027 31415.92653589793 0.14240505019709113
6.216428571428598 31415.92653589793 0.14240505019709113
6.22285714285717 31415.92653589793 0.14240505019709113
6.229285714285742 31415.92653589793 0.14240505019709113
6.235714285714313 31415.92653589793 0.14240505019709113
6.242142857142885 31415.92653589793 0.14240505019709113
6.248571428571457 31415.92653589793 0.14240505019709113
6.255000000000028 31415.92653589793 0.14240505019709113
6.2614285714286 31415.92653589793 0.14240505019709113
6.267857142857172 31415.92653589793 0.14240505019709113
6.274285714285743 31415.92653589793 0.14240505019709113
6.280714285714315 31415.92653589793 0.14240505019709113
6.287142857142887 31415.92653589793 0.14240505019709113
6.293571428571458 31415.92653589793 0.14240505019709113
6.30000000000003 31415.92653589793 0.14240505019709113
6.306428571428602 31415.92653589793 0.14240505019709113
6.312857142857173 31415.92653589793 0.14240505019709113
6.319285714285745 31415.92653589793 0.14240505019709113
6.325714285714317 31415.92653589793 0.14240505019709113
6.332142857142888 31415.92653589793 0.14240505019709113
6.33857142857146 31415.92653589793 0.14240505019709113
6.345000000000032 31415.92653589793 0.14240505019709113
6.351428571428603 31415.92653589793 0.14240505019709113
6.357857142857175 31415.92653589793 0.14240505019709113
6.364285714285747 31415.92653589793 0.14240505019709113
6.370714285714318 31415.92653589793 0.14240505019709113
6.37714285714289 31415.92653589793 0.14240505019709113
6.383571428571462 31415.92653589793 0.14240505019709113
6.390000000000033 31415.92653589793 0.14240505019709113
6.396428571428605 31415.92653589793 0.14240505019709113
6.402857142857177 31415.92653589793 0.14240505019709113
6.4092857142857484 31415.92653589793 0.14240505019709113
6.41571428571432 31415.92653589793 0.14240505019709113
6.422142857142892 31415.92653589793 0.14240505019709113
6.4285714285714635 31415.92653589793 0.14240505019709113
6.435000000000035 31415.92653589793 0.14240505019709113
6.441428571428607 31415.92653589793 0.14240505019709113
6.4478571428571785 31415.92653589793 0.14240505019709113
6.45428571428575 31415.92653589793 0.14240505019709113
6.460714285714322 31415.92653589793 0.14240505019709113
6.4671428571428935 31415.92653589793 0.14240505019709113
6.473571428571465 31415.92653589793 0.14240505019709113
6.480000000000037 31415.92653589793 0.14240505019709113
6.4864285714286085 31415.92653589793 0.14240505019709113
6.49285714285718 31415.92653589793 0.14240505019709113
6.499285714285752 31415.92653589793 0.14240505019709113
6.5057142857143235 31415.92653589793 0.14240505019709113
6.512142857142895 31415.92653589793 0.14240505019709113
6.518571428571467 31415.92653589793 0.14240505019709113
6.5250000000000385 31415.92653589793 0.14240505019709113
6.53142857142861 31415.92653589793 0.14240505019709113
6.537857142857182 31415.92653589793 0.14240505019709113
6.544285714285754 31415.92653589793 0.14240505019709113
6.550714285714325 31415.92653589793 0.14240505019709113
6.557142857142897 31415.92653589793 0.14240505019709113
6.563571428571469 31415.92653589793 0.14240505019709113
6.57000000000004 31415.92653589793 0.14240505019709113
6.576428571428612 31415.92653589793 0.14240505019709113
6.582857142857184 31415.92653589793 0.14240505019709113
6.589285714285755 31415.92653589793 0.14240505019709113
6.595714285714327 31415.92653589793 0.14240505019709113
6.602142857142899 31415.92653589793 0.14240505019709113
6.60857142857147 31415.92653589793 0.14240505019709113
6.615000000000042 31415.92653589793 0.14240505019709113
6.621428571428614 31415.92653589793 0.14240505019709113
6.627857142857185 31415.92653589793 0.14240505019709113
6.634285714285757 31415.92653589793 0.14240505019709113
6.640714285714329 31415.92653589793 0.14240505019709113
6.6471428571429 31415.92653589793 0.14240505019709113
6.653571428571472 31415.92653589793 0.14240505019709113
6.660000000000044 31415.92653589793 0.14240505019709113
6.666428571428615 31415.92653589793 0.14240505019709113
6.672857142857187 31415.92653589793 0.14240505019709113
6.679285714285759 31415.92653589793 0.14240505019709113
6.68571428571433 31415.92653589793 0.14240505019709113
6.692142857142902 31415.92653589793 0.14240505019709113
6.698571428571474 31415.92653589793 0.14240505019709113
6.705000000000045 31415.92653589793 0.14240505019709113
6.711428571428617 31415.92653589793 0.14240505019709113
6.717857142857189 31415.92653589793 0.14240505019709113
6.72428571428576 31415.92653589793 0.14240505019709113
6.730714285714332 31415.92653589793 0.14240505019709113
6.737142857142904 31415.92653589793 0.14240505019709113
6.743571428571475 31415.92653589793 0.14240505019709113
6.750000000000047 31415.92653589793 0.14240505019709113
6.756428571428619 31415.92653589793 0.14240505019709113
6.76285714285719 31415.92653589793 0.14240505019709113
6.769285714285762 31415.92653589793 0.14240505019709113
6.775714285714334 31415.92653589793 0.14240505019709113
6.782142857142905 31415.92653589793 0.14240505019709113
6.788571428571477 31415.92653589793 0.14240505019709113
6.795000000000049 31415.92653589793 0.14240505019709113
6.8014285714286205 31415.92653589793 0.14240505019709113
6.807857142857192 31415.92653589793 0.14240505019709113
6.814285714285764 31415.92653589793 0.14240505019709113
6.8207142857143355 31415.92653589793 0.14240505019709113
6.827142857142907 31415.92653589793 0.14240505019709113
6.833571428571479 31415.92653589793 0.14240505019709113
6.8400000000000505 31415.92653589793 0.14240505019709113
6.846428571428622 31415.92653589793 0.14240505019709113
6.852857142857194 31415.92653589793 0.14240505019709113
6.8592857142857655 31415.92653589793 0.14240505019709113
6.865714285714337 31415.92653589793 0.14240505019709113
6.872142857142909 31415.92653589793 0.14240505019709113
6.8785714285714805 31415.92653589793 0.14240505019709113
6.885000000000052 31415.92653589793 0.14240505019709113
6.891428571428624 31415.92653589793 0.14240505019709113
6.8978571428571955 31415.92653589793 0.14240505019709113
6.904285714285767 31415.92653589793 0.14240505019709113
6.910714285714339 31415.92653589793 0.14240505019709113
6.9171428571429106 31415.92653589793 0.14240505019709113
6.923571428571482 31415.92653589793 0.14240505019709113
6.930000000000054 31415.92653589793 0.14240505019709113
6.936428571428626 31415.92653589793 0.14240505019709113
6.942857142857197 31415.92653589793 0.14240505019709113
6.949285714285769 31415.92653589793 0.14240505019709113
6.955714285714341 31415.92653589793 0.14240505019709113
6.962142857142912 31415.92653589793 0.14240505019709113
6.968571428571484 31415.92653589793 0.14240505019709113
6.975000000000056 31415.92653589793 0.14240505019709113
6.981428571428627 31415.92653589793 0.14240505019709113
6.987857142857199 31415.92653589793 0.14240505019709113
6.994285714285771 31415.92653589793 0.14240505019709113
7.000714285714342 31415.92653589793 0.14240505019709113
7.007142857142914 31415.92653589793 0.14240505019709113
7.013571428571486 31415.92653589793 0.14240505019709113
7.020000000000057 31415.92653589793 0.14240505019709113
7.026428571428629 31415.92653589793 0.14240505019709113
7.032857142857201 31415.92653589793 0.14240505019709113
7.039285714285772 31415.92653589793 0.14240505019709113
7.045714285714344 31415.92653589793 0.14240505019709113
7.052142857142916 31415.92653589793 0.14240505019709113
7.058571428571487 31415.92653589793 0.14240505019709113
7.065000000000059 31415.92653589793 0.14240505019709113
7.071428571428631 31415.92653589793 0.14240505019709113
7.077857142857202 31415.92653589793 0.14240505019709113
7.084285714285774 31415.92653589793 0.14240505019709113
7.090714285714346 31415.92653589793 0.14240505019709113
7.097142857142917 31415.92653589793 0.14240505019709113
7.103571428571489 31415.92653589793 0.14240505019709113
7.110000000000061 31415.92653589793 0.14240505019709113
7.116428571428632 31415.92653589793 0.14240505019709113
