0.0 0.0 0.0
0.0 1570.7963267948965 0.0
0.005 31415.92653589793 0.003895280628350349
0.01 31415.92653589793 0.07811414277823195
0.015 31415.92653589793 0.08228778564048582
0.02 31415.92653589793 0.08715786967719505
0.025 31415.92653589793 0.09148173255477451
0.030000000000000002 31415.92653589793 0.09537740995547003
0.035 31415.92653589793 0.09890279783007674
0.04 31415.92653589793 0.10210432992630457
0.045 31415.92653589793 0.10502034844861811
0.049999999999999996 31415.92653589793 0.10768320309712033
0.05499999999999999 31415.92653589793 0.11012053288657311
0.05999999999999999 31415.92653589793 0.11235615953442818
0.06499999999999999 31415.92653589793 0.11441075283795939
0.06999999999999999 31415.92653589793 0.11630234650704821
0.075 31415.92653589793 0.1180467485811419
0.08 31415.92653589793 0.11965787391865956
0.085 31415.92653589793 0.12114801715710094
0.09000000000000001 31415.92653589793 0.12252807910819559
0.09500000000000001 31415.92653589793 0.12380775607353281
0.10000000000000002 31415.92653589793 0.12499569922227853
0.10500000000000002 31415.92653589793 0.12609964952767966
0.11000000000000003 31415.92653589793 0.1271265525691193
0.11500000000000003 31415.92653589793 0.12808265662224838
0.12000000000000004 31415.92653589793 0.12897359679051942
0.12500000000000003 31415.92653589793 0.12980446741452814
0.13000000000000003 31415.92653589793 0.13057988459109934
0.13500000000000004 31415.92653589793 0.13130404031395038
0.14000000000000004 31415.92653589793 0.13198074949069202
0.14500000000000005 31415.92653589793 0.132613490883509
0.15000000000000005 31415.92653589793 0.13320544285140215
0.15500000000000005 31415.92653589793 0.13375951463299748
0.16000000000000006 31415.92653589793 0.13427837379427063
0.16500000000000006 31415.92653589793 0.13476447036992956
0.17000000000000007 31415.92653589793 0.1352200581480968
0.17500000000000007 31415.92653589793 0.1356472134809982
0.18000000000000008 31415.92653589793 0.1360478519486748
0.18500000000000008 31415.92653589793 0.13642374315547992
0.19000000000000009 31415.92653589793 0.1367765238992114
0.1950000000000001 31415.92653589793 0.13710770991895047
0.2000000000000001 31415.92653589793 0.13741870639904769
0.2050000000000001 31415.92653589793 0.13771081738221858
0.2100000000000001 31415.92653589793 0.1379852542238083
0.2150000000000001 31415.92653589793 0.1382431432015934
0.2200000000000001 31415.92653589793 0.1384855323802488
0.22500000000000012 31415.92653589793 0.1387133978164815
0.23000000000000012 31415.92653589793 0.13892764917972883
0.23500000000000013 31415.92653589793 0.13912913485363318
0.24000000000000013 31415.92653589793 0.13931864657524748
0.24500000000000013 31415.92653589793 0.1394969236617932
0.2500000000000001 31415.92653589793 0.13966465686850474
0.2550000000000001 31415.92653589793 0.13982249191611315
0.2600000000000001 31415.92653589793 0.13997103272135947
0.2650000000000001 31415.92653589793 0.14011084436045715
0.27000000000000013 31415.92653589793 0.14024245579169217
0.27500000000000013 31415.92653589793 0.14036636236032193
0.28000000000000014 31415.92653589793 0.1404830281063404
0.28500000000000014 31415.92653589793 0.14059288789352498
0.29000000000000015 31415.92653589793 0.14069634937583572
0.29500000000000015 31415.92653589793 0.14079379481589124
0.30000000000000016 31415.92653589793 0.14088558276845545
0.30500000000000016 31415.92653589793 0.1409720496404395
0.31000000000000016 31415.92653589793 0.1410535111381193
0.31500000000000017 31415.92653589793 0.1411302636107133
0.3200000000000002 31415.92653589793 0.14120258529899507
0.3250000000000002 31415.92653589793 0.1412707374964614
0.3300000000000002 31415.92653589793 0.14133496563007908
0.3350000000000002 31415.92653589793 0.14139550026682682
0.3400000000000002 31415.92653589793 0.14145255805179213
0.3450000000000002 31415.92653589793 0.14150634258301323
0.3500000000000002 31415.92653589793 0.1415570452276732
0.3550000000000002 31415.92653589793 0.14160484588426828
0.3600000000000002 31415.92653589793 0.1416499136943717
0.3650000000000002 31415.92653589793 0.14169240770789315
0.3700000000000002 31415.92653589793 0.14173247750488713
0.3750000000000002 31415.92653589793 0.1417702637772958
0.3800000000000002 31415.92653589793 0.14180589887318013
0.38500000000000023 31415.92653589793 0.14183950730606285
0.39000000000000024 31415.92653589793 0.14187120623196314
0.39500000000000024 31415.92653589793 0.14190110589606741
0.40000000000000024 31415.92653589793 0.14192931005128312
0.40500000000000025 31415.92653589793 0.14195591635045296
0.41000000000000025 31415.92653589793 0.14198101671401903
0.41500000000000026 31415.92653589793 0.14200469767478877
0.42000000000000026 31415.92653589793 0.142027040701204
0.42500000000000027 31415.92653589793 0.14204812250064022
0.43000000000000027 31415.92653589793 0.1420680153039565
0.4350000000000003 31415.92653589793 0.14208678713254588
0.4400000000000003 31415.92653589793 0.1421045020489544
0.4450000000000003 31415.92653589793 0.1421212203922065
0.4500000000000003 31415.92653589793 0.14213699899869814
0.4550000000000003 31415.92653589793 0.14215189140971096
0.4600000000000003 31415.92653589793 0.1421659480662429
0.4650000000000003 31415.92653589793 0.14217921649209747
0.4700000000000003 31415.92653589793 0.1421917414658161
0.4750000000000003 31415.92653589793 0.14220356518229843
0.4800000000000003 31415.92653589793 0.142214727404695
0.4850000000000003 31415.92653589793 0.14222526560709858
0.4900000000000003 31415.92653589793 0.14223521510870057
0.49500000000000033 31415.92653589793 0.14224460919998203
0.5000000000000003 31415.92653589793 0.1422534792612297
0.5050000000000003 31415.92653589793 0.14226185487411358
0.5100000000000003 31415.92653589793 0.14226976392646423
0.5150000000000003 31415.92653589793 0.1422772327110131
0.5200000000000004 31415.92653589793 0.14228428601805468
0.5250000000000004 31415.92653589793 0.14229094722276542
0.5300000000000004 31415.92653589793 0.14229723836730468
0.5350000000000004 31415.92653589793 0.14230318023803096
0.5400000000000004 31415.92653589793 0.14230879243820738
0.5450000000000004 31415.92653589793 0.14231409345639165
0.5500000000000004 31415.92653589793 0.14231910073081486
0.5550000000000004 31415.92653589793 0.14232383070994434
0.5600000000000004 31415.92653589793 0.14232829890953527
0.5650000000000004 31415.92653589793 0.14233251996630975
0.5700000000000004 31415.92653589793 0.1423365076884861
0.5750000000000004 31415.92653589793 0.1423402751033794
0.5800000000000004 31415.92653589793 0.14234383450218535
0.5850000000000004 31415.92653589793 0.14234719748218244
0.5900000000000004 31415.92653589793 0.14235037498647807
0.5950000000000004 31415.92653589793 0.14235337734140907
0.6000000000000004 31415.92653589793 0.14235621429174974
0.6050000000000004 31415.92653589793 0.14235889503399074
0.6100000000000004 31415.92653589793 0.14236142824755021
0.6150000000000004 31415.92653589793 0.14236382212425028
0.6200000000000004 31415.92653589793 0.14236608439605866
0.6250000000000004 31415.92653589793 0.14236822236127608
0.6300000000000004 31415.92653589793 0.14237024290912775
0.6350000000000005 31415.92653589793 0.1423721525430364
0.6400000000000005 31415.92653589793 0.14237395740245193
0.6450000000000005 31415.92653589793 0.14237566328350182
0.6500000000000005 31415.92653589793 0.14237727565841968
0.6550000000000005 31415.92653589793 0.14237879969386424
0.6600000000000005 31415.92653589793 0.1423802402682248
0.6650000000000005 31415.92653589793 0.14238160198783043
0.6700000000000005 31415.92653589793 0.14238288920234068
0.6750000000000005 31415.92653589793 0.1423841060192059
0.6800000000000005 31415.92653589793 0.14238525631733717
0.6850000000000005 31415.92653589793 0.14238634375991527
0.6900000000000005 31415.92653589793 0.14238737180656164
0.6950000000000005 31415.92653589793 0.14238834372475973
0.7000000000000005 31415.92653589793 0.14238926260065196
0.7050000000000005 31415.92653589793 0.1423901313491982
0.7100000000000005 31415.92653589793 0.14239095272379318
0.7150000000000005 31415.92653589793 0.14239172932527308
0.7200000000000005 31415.92653589793 0.1423924636105336
0.7250000000000005 31415.92653589793 0.14239315790050985
0.7300000000000005 31415.92653589793 0.1423938143877813
0.7350000000000005 31415.92653589793 0.14239443514378808
0.7400000000000005 31415.92653589793 0.1423950221255342
0.7450000000000006 31415.92653589793 0.1423955771820128
0.7500000000000006 31415.92653589793 0.1423961020602292
0.7550000000000006 31415.92653589793 0.14239659841080746
0.7600000000000006 31415.92653589793 0.14239706779347205
0.7650000000000006 31415.92653589793 0.1423975116819886
0.7700000000000006 31415.92653589793 0.14239793146902083
0.7750000000000006 31415.92653589793 0.1423983284705993
0.7800000000000006 31415.92653589793 0.14239870393039583
0.7850000000000006 31415.92653589793 0.1423990590237203
0.7900000000000006 31415.92653589793 0.14239939486129524
0.7950000000000006 31415.92653589793 0.1423997124928921
0.8000000000000006 31415.92653589793 0.14240001291063384
0.8050000000000006 31415.92653589793 0.14240029705224264
0.8100000000000006 31415.92653589793 0.14240056580402333
0.8150000000000006 31415.92653589793 0.14240082000370863
0.8200000000000006 31415.92653589793 0.1424010604431234
0.8250000000000006 31415.92653589793 0.14240128787078007
0.8300000000000006 31415.92653589793 0.14240150299418206
0.8350000000000006 31415.92653589793 0.14240170648214162
0.8400000000000006 31415.92653589793 0.14240189896691685
0.8450000000000006 31415.92653589793 0.14240208104621024
0.8500000000000006 31415.92653589793 0.142402253285042
0.8550000000000006 31415.92653589793 0.1424024162175959
0.8600000000000007 31415.92653589793 0.14240257034888465
0.8650000000000007 31415.92653589793 0.14240271615638744
0.8700000000000007 31415.92653589793 0.14240285409150705
0.8750000000000007 31415.92653589793 0.1424029845810687
0.8800000000000007 31415.92653589793 0.14240310802859682
0.8850000000000007 31415.92653589793 0.1424032248156751
0.8900000000000007 31415.92653589793 0.14240333530307045
0.8950000000000007 31415.92653589793 0.1424034398319267
0.9000000000000007 31415.92653589793 0.1424035387248191
0.9050000000000007 31415.92653589793 0.14240363228676756
0.9100000000000007 31415.92653589793 0.14240372080622188
0.9150000000000007 31415.92653589793 0.14240380455592228
0.9200000000000007 31415.92653589793 0.1424038837938151
0.9250000000000007 31415.92653589793 0.1424039587638303
0.9300000000000007 31415.92653589793 0.14240402969664442
0.9350000000000007 31415.92653589793 0.14240409681040242
0.9400000000000007 31415.92653589793 0.14240416031142533
0.9450000000000007 31415.92653589793 0.14240422039482104
0.9500000000000007 31415.92653589793 0.1424042772451502
0.9550000000000007 31415.92653589793 0.1424043310369121
0.9600000000000007 31415.92653589793 0.14240438193519694
0.9650000000000007 31415.92653589793 0.1424044300961298
0.9700000000000008 31415.92653589793 0.1424044756673842
0.9750000000000008 31415.92653589793 0.14240451878861238
0.9800000000000008 31415.92653589793 0.1424045595919447
0.9850000000000008 31415.92653589793 0.1424045982023229
0.9900000000000008 31415.92653589793 0.142404634737958
0.9950000000000008 31415.92653589793 0.14240466931063553
1.0000000000000007 31415.92653589793 0.14240470202613204
1.0050000000000006 31415.92653589793 0.14240473298447856
1.0100000000000005 31415.92653589793 0.14240476228029392
1.0150000000000003 31415.92653589793 0.14240479000310363
1.0200000000000002 31415.92653589793 0.14240481623759005
1.0250000000000001 31415.92653589793 0.1424048410638696
1.03 31415.92653589793 0.14240486455770113
1.035 31415.92653589793 0.1424048867907912
1.0399999999999998 31415.92653589793 0.1424049078309466
1.0449999999999997 31415.92653589793 0.1424049277423383
1.0499999999999996 31415.92653589793 0.14240494658566769
1.0549999999999995 31415.92653589793 0.14240496441834719
1.0599999999999994 31415.92653589793 0.14240498129470835
1.0649999999999993 31415.92653589793 0.14240499726616837
1.0699999999999992 31415.92653589793 0.14240501238134115
1.074999999999999 31415.92653589793 0.14240502668623156
1.079999999999999 31415.92653589793 0.1424050402243742
1.0849999999999989 31415.92653589793 0.14240505303695833
1.0899999999999987 31415.92653589793 0.14240506516295276
1.0949999999999986 31415.92653589793 0.1424050766392031
1.0999999999999985 31415.92653589793 0.14240508750061195
1.1049999999999984 31415.92653589793 0.14240509778018065
1.1099999999999983 31415.92653589793 0.14240510750914814
1.1149999999999982 31415.92653589793 0.14240511671704634
1.119999999999998 31415.92653589793 0.14240512543183897
1.124999999999998 31415.92653589793 0.14240513367999103
1.129999999999998 31415.92653589793 0.1424051414865241
1.1349999999999978 31415.92653589793 0.14240514887512762
1.1399999999999977 31415.92653589793 0.14240515586822805
1.1449999999999976 31415.92653589793 0.1424051624870168
1.1499999999999975 31415.92653589793 0.14240516875156115
1.1549999999999974 31415.92653589793 0.14240517468085978
1.1599999999999973 31415.92653589793 0.14240518029288443
1.1649999999999971 31415.92653589793 0.1424051856046354
1.169999999999997 31415.92653589793 0.14240519063221088
1.174999999999997 31415.92653589793 0.14240519539083488
1.1799999999999968 31415.92653589793 0.1424051998949125
1.1849999999999967 31415.92653589793 0.14240520415808555
1.1899999999999966 31415.92653589793 0.14240520819326047
1.1949999999999965 31415.92653589793 0.14240521201263578
1.1999999999999964 31415.92653589793 0.14240521562778558
1.2049999999999963 31415.92653589793 0.14240521904963166
1.2099999999999962 31415.92653589793 0.14240522228854074
1.214999999999996 31415.92653589793 0.14240522535428282
1.219999999999996 31415.92653589793 0.14240522825614207
1.2249999999999959 31415.92653589793 0.14240523100290317
1.2299999999999958 31415.92653589793 0.1424052336028512
1.2349999999999957 31415.92653589793 0.1424052360638409
1.2399999999999956 31415.92653589793 0.14240523839331082
1.2449999999999954 31415.92653589793 0.14240524059831086
1.2499999999999953 31415.92653589793 0.14240524268548846
1.2549999999999952 31415.92653589793 0.14240524466114418
1.2599999999999951 31415.92653589793 0.14240524653124548
1.264999999999995 31415.92653589793 0.14240524830144055
1.269999999999995 31415.92653589793 0.14240524997708623
1.2749999999999948 31415.92653589793 0.1424052515632202
1.2799999999999947 31415.92653589793 0.1424052530646303
1.2849999999999946 31415.92653589793 0.14240525448585453
1.2899999999999945 31415.92653589793 0.14240525583118113
1.2949999999999944 31415.92653589793 0.14240525710466242
1.2999999999999943 31415.92653589793 0.14240525831014259
1.3049999999999942 31415.92653589793 0.1424052594512437
1.309999999999994 31415.92653589793 0.14240526053142127
1.314999999999994 31415.92653589793 0.14240526155393665
1.3199999999999938 31415.92653589793 0.14240526252185684
1.3249999999999937 31415.92653589793 0.14240526343811
