0.0 0.0 0.0
0.0 0.0 0.0
0.0025 31415.92653589793 -1.2295719814503106e-11
0.005 31415.92653589793 0.07713769396990078
0.0075 31415.92653589793 0.08131174701596601
0.01 31415.92653589793 0.08555645555730705
0.0125 31415.92653589793 0.08932865353314512
0.015000000000000001 31415.92653589793 0.09272117510914496
0.0175 31415.92653589793 0.09578840857038501
0.02 31415.92653589793 0.0985730140126433
0.0225 31415.92653589793 0.10111007617530203
0.024999999999999998 31415.92653589793 0.10342912282462514
0.027499999999999997 31415.92653589793 0.10555532805572629
0.029999999999999995 31415.92653589793 0.10751033558486578
0.032499999999999994 31415.92653589793 0.10931286669852162
0.034999999999999996 31415.92653589793 0.11097919037336704
0.0375 31415.92653589793 0.11252349783208179
0.04 31415.92653589793 0.11395820716949148
0.0425 31415.92653589793 0.11529421483749386
0.045000000000000005 31415.92653589793 0.11654110561830273
0.04750000000000001 31415.92653589793 0.11770732948649827
0.05000000000000001 31415.92653589793 0.11880035162749455
0.05250000000000001 31415.92653589793 0.11982678040903215
0.055000000000000014 31415.92653589793 0.1207924770536837
0.057500000000000016 31415.92653589793 0.12170264999125345
0.06000000000000002 31415.92653589793 0.1225619362930103
0.06250000000000001 31415.92653589793 0.12337447214767301
0.06500000000000002 31415.92653589793 0.12414395399528494
0.06750000000000002 31415.92653589793 0.12487369166311178
0.07000000000000002 31415.92653589793 0.1255666546296612
0.07250000000000002 31415.92653589793 0.12622551236706453
0.07500000000000002 31415.92653589793 0.12685266956674576
0.07750000000000003 31415.92653589793 0.12745029693491236
0.08000000000000003 31415.92653589793 0.1280203581443427
0.08250000000000003 31415.92653589793 0.12856463344626223
0.08500000000000003 31415.92653589793 0.129084740375836
0.08750000000000004 31415.92653589793 0.1295821519251037
0.09000000000000004 31415.92653589793 0.1300582125070984
0.09250000000000004 31415.92653589793 0.13051415199114702
0.09500000000000004 31415.92653589793 0.13095109805286623
0.09750000000000004 31415.92653589793 0.13137008704987913
0.10000000000000005 31415.92653589793 0.13177207360746698
0.10250000000000005 31415.92653589793 0.13215793907416637
0.10500000000000005 31415.92653589793 0.13252849898710295
0.10750000000000005 31415.92653589793 0.13288450966889498
0.11000000000000006 31415.92653589793 0.13322667406252747
0.11250000000000006 31415.92653589793 0.1335556468974835
0.11500000000000006 31415.92653589793 0.13387203926804025
0.11750000000000006 31415.92653589793 0.1341764226953668
0.12000000000000006 31415.92653589793 0.13446933273534653
0.12250000000000007 31415.92653589793 0.13475127218701038
0.12500000000000006 31415.92653589793 0.13502271394908538
0.12750000000000006 31415.92653589793 0.13528410356686005
0.13000000000000006 31415.92653589793 0.13553586150585156
0.13250000000000006 31415.92653589793 0.13577838518473534
0.13500000000000006 31415.92653589793 0.1360120507956804
0.13750000000000007 31415.92653589793 0.13623721493696012
0.14000000000000007 31415.92653589793 0.13645421607976496
0.14250000000000007 31415.92653589793 0.1366633758881605
0.14500000000000007 31415.92653589793 0.136865000409302
0.14750000000000008 31415.92653589793 0.13705938114843566
0.15000000000000008 31415.92653589793 0.13724679604193957
0.15250000000000008 31415.92653589793 0.13742751033981224
0.15500000000000008 31415.92653589793 0.13760177740751747
0.15750000000000008 31415.92653589793 0.13776983945638588
0.1600000000000001 31415.92653589793 0.1379319282101099
0.1625000000000001 31415.92653589793 0.13808826551445016
0.1650000000000001 31415.92653589793 0.13823906389608032
0.1675000000000001 31415.92653589793 0.13838452707605123
0.1700000000000001 31415.92653589793 0.13852485044253787
0.1725000000000001 31415.92653589793 0.13866022148715684
0.1750000000000001 31415.92653589793 0.13879082020849104
0.1775000000000001 31415.92653589793 0.13891681948606796
0.1800000000000001 31415.92653589793 0.13903838542779032
0.1825000000000001 31415.92653589793 0.1391556776933024
0.1850000000000001 31415.92653589793 0.139268849795693
0.1875000000000001 31415.92653589793 0.13937804938338128
0.1900000000000001 31415.92653589793 0.13948341850416907
0.19250000000000012 31415.92653589793 0.13958509385298754
0.19500000000000012 31415.92653589793 0.1396832070046691
0.19750000000000012 31415.92653589793 0.13977788463324425
0.20000000000000012 31415.92653589793 0.13986924871865117
0.20250000000000012 31415.92653589793 0.13995741674209344
0.20500000000000013 31415.92653589793 0.14004250187072562
0.20750000000000013 31415.92653589793 0.14012461313279076
0.21000000000000013 31415.92653589793 0.14020385558358517
0.21250000000000013 31415.92653589793 0.14028033046320695
0.21500000000000014 31415.92653589793 0.14035413534651953
0.21750000000000014 31415.92653589793 0.14042536428595392
0.22000000000000014 31415.92653589793 0.14049410794755302
0.22250000000000014 31415.92653589793 0.14056045374074236
0.22500000000000014 31415.92653589793 0.14062448594228683
0.22750000000000015 31415.92653589793 0.14068628581469583
0.23000000000000015 31415.92653589793 0.14074593171945213
0.23250000000000015 31415.92653589793 0.14080349922538363
0.23500000000000015 31415.92653589793 0.14085906121244127
0.23750000000000016 31415.92653589793 0.14091268797116133
0.24000000000000016 31415.92653589793 0.14096444729796398
0.24250000000000016 31415.92653589793 0.14101440458664982
0.24500000000000016 31415.92653589793 0.14106262291613494
0.24750000000000016 31415.92653589793 0.14110916313478647
0.25000000000000017 31415.92653589793 0.1411540839413022
0.25250000000000017 31415.92653589793 0.14119744196255116
0.25500000000000017 31415.92653589793 0.1412392918283332
0.2575000000000002 31415.92653589793 0.1412796862432521
0.2600000000000002 31415.92653589793 0.1413186760559241
0.2625000000000002 31415.92653589793 0.1413563103254525
0.2650000000000002 31415.92653589793 0.14139263638547356
0.2675000000000002 31415.92653589793 0.14142769990577403
0.2700000000000002 31415.92653589793 0.1414615449516602
0.2725000000000002 31415.92653589793 0.14149421404103724
0.2750000000000002 31415.92653589793 0.1415257481994487
0.2775000000000002 31415.92653589793 0.1415561870130755
0.2800000000000002 31415.92653589793 0.14158556867977865
0.2825000000000002 31415.92653589793 0.14161393005833744
0.2850000000000002 31415.92653589793 0.14164130671578684
0.2875000000000002 31415.92653589793 0.1416677329731307
0.2900000000000002 31415.92653589793 0.14169324194941768
0.2925000000000002 31415.92653589793 0.1417178656040824
0.2950000000000002 31415.92653589793 0.14174163477798205
0.2975000000000002 31415.92653589793 0.14176457923272603
0.3000000000000002 31415.92653589793 0.14178672768878436
0.3025000000000002 31415.92653589793 0.14180810786213893
0.3050000000000002 31415.92653589793 0.14182874649960242
0.3075000000000002 31415.92653589793 0.14184866941297158
0.3100000000000002 31415.92653589793 0.14186790151187595
0.3125000000000002 31415.92653589793 0.14188646683550252
0.3150000000000002 31415.92653589793 0.14190438858318227
0.3175000000000002 31415.92653589793 0.14192168914386663
0.32000000000000023 31415.92653589793 0.14193839012460482
0.32250000000000023 31415.92653589793 0.14195451237799395
0.32500000000000023 31415.92653589793 0.14197007602860234
0.32750000000000024 31415.92653589793 0.1419851004985881
0.33000000000000024 31415.92653589793 0.14199960453223479
0.33250000000000024 31415.92653589793 0.1420136062197937
0.33500000000000024 31415.92653589793 0.14202712302038203
0.33750000000000024 31415.92653589793 0.1420401717840903
0.34000000000000025 31415.92653589793 0.14205276877329867
0.34250000000000025 31415.92653589793 0.14206492968331297
0.34500000000000025 31415.92653589793 0.1420766696621825
0.34750000000000025 31415.92653589793 0.14208800332985116
0.35000000000000026 31415.92653589793 0.14209894479667057
0.35250000000000026 31415.92653589793 0.14210950768124672
0.35500000000000026 31415.92653589793 0.1421197051275792
0.35750000000000026 31415.92653589793 0.14212954982171452
0.36000000000000026 31415.92653589793 0.14213905400777485
0.36250000000000027 31415.92653589793 0.1421482295033763
0.36500000000000027 31415.92653589793 0.1421570877145477
0.36750000000000027 31415.92653589793 0.1421656396501215
0.3700000000000003 31415.92653589793 0.14217389593565363
0.3725000000000003 31415.92653589793 0.14218186682675968
0.3750000000000003 31415.92653589793 0.14218956222207702
0.3775000000000003 31415.92653589793 0.14219699167569907
0.3800000000000003 31415.92653589793 0.14220416440927697
0.3825000000000003 31415.92653589793 0.1422110893235796
0.3850000000000003 31415.92653589793 0.14221777500969293
0.3875000000000003 31415.92653589793 0.1422242297598727
0.3900000000000003 31415.92653589793 0.14223046157792468
0.3925000000000003 31415.92653589793 0.1422364781893357
0.3950000000000003 31415.92653589793 0.14224228705094638
0.3975000000000003 31415.92653589793 0.14224789536031854
0.4000000000000003 31415.92653589793 0.14225331006479758
0.4025000000000003 31415.92653589793 0.14225853787025536
0.4050000000000003 31415.92653589793 0.14226358524950022
0.4075000000000003 31415.92653589793 0.14226845845038147
0.4100000000000003 31415.92653589793 0.14227316350367217
0.4125000000000003 31415.92653589793 0.14227770623063235
0.4150000000000003 31415.92653589793 0.1422820922502811
0.4175000000000003 31415.92653589793 0.14228632698648797
0.4200000000000003 31415.92653589793 0.1422904156747455
0.4225000000000003 31415.92653589793 0.1422943633687472
0.4250000000000003 31415.92653589793 0.14229817494671584
0.4275000000000003 31415.92653589793 0.14230185511753737
0.4300000000000003 31415.92653589793 0.14230540842661749
0.43250000000000033 31415.92653589793 0.14230883926161295
0.43500000000000033 31415.92653589793 0.14231215185792748
0.43750000000000033 31415.92653589793 0.1423153503039989
0.44000000000000034 31415.92653589793 0.14231843854637855
0.44250000000000034 31415.92653589793 0.14232142039476897
0.44500000000000034 31415.92653589793 0.14232429952668665
0.44750000000000034 31415.92653589793 0.1423270794921114
0.45000000000000034 31415.92653589793 0.14232976371794076
0.45250000000000035 31415.92653589793 0.14233235551222295
0.45500000000000035 31415.92653589793 0.1423348580683341
0.45750000000000035 31415.92653589793 0.14233727446894712
0.46000000000000035 31415.92653589793 0.14233960768990375
0.46250000000000036 31415.92653589793 0.1423418606038783
0.46500000000000036 31415.92653589793 0.1423440359840413
0.46750000000000036 31415.92653589793 0.14234613650745964
0.47000000000000036 31415.92653589793 0.14234816475845488
0.47250000000000036 31415.92653589793 0.1423501232318369
0.47500000000000037 31415.92653589793 0.14235201433599867
0.47750000000000037 31415.92653589793 0.14235384039594134
0.48000000000000037 31415.92653589793 0.14235560365614733
0.4825000000000004 31415.92653589793 0.14235730628339724
0.4850000000000004 31415.92653589793 0.14235895036946222
0.4875000000000004 31415.92653589793 0.14236053793369918
0.4900000000000004 31415.92653589793 0.14236207092557643
0.4925000000000004 31415.92653589793 0.14236355122711628
0.4950000000000004 31415.92653589793 0.1423649806552125
0.4975000000000004 31415.92653589793 0.1423663609638926
0.5000000000000003 31415.92653589793 0.14236769384651035
0.5025000000000003 31415.92653589793 0.1423689809378413
0.5050000000000002 31415.92653589793 0.14237022381615083
0.5075000000000002 31415.92653589793 0.14237142400509503
0.5100000000000001 31415.92653589793 0.14237258297566396
0.5125000000000001 31415.92653589793 0.1423737021479993
0.515 31415.92653589793 0.14237478289312933
0.5175 31415.92653589793 0.14237582653471748
0.5199999999999999 31415.92653589793 0.14237683435067203
0.5224999999999999 31415.92653589793 0.14237780757472832
0.5249999999999998 31415.92653589793 0.1423787473980307
0.5274999999999997 31415.92653589793 0.14237965497053431
0.5299999999999997 31415.92653589793 0.1423805314024899
0.5324999999999996 31415.92653589793 0.14238137776581783
0.5349999999999996 31415.92653589793 0.14238219509538466
0.5374999999999995 31415.92653589793 0.1423829843903495
0.5399999999999995 31415.92653589793 0.14238374661537123
0.5424999999999994 31415.92653589793 0.1423844827017882
0.5449999999999994 31415.92653589793 0.14238519354882548
0.5474999999999993 31415.92653589793 0.142385880024622
0.5499999999999993 31415.92653589793 0.14238654296741002
0.5524999999999992 31415.92653589793 0.14238718318647267
0.5549999999999992 31415.92653589793 0.14238780146317107
0.5574999999999991 31415.92653589793 0.14238839855190175
0.559999999999999 31415.92653589793 0.1423889751810681
0.562499999999999 31415.92653589793 0.14238953205392707
0.564999999999999 31415.92653589793 0.1423900698495049
0.5674999999999989 31415.92653589793 0.14239058922338826
0.5699999999999988 31415.92653589793 0.14239109080857085
0.5724999999999988 31415.92653589793 0.14239157521624426
0.5749999999999987 31415.92653589793 0.14239204303650593
0.5774999999999987 31415.92653589793 0.14239249483915006
0.5799999999999986 31415.92653589793 0.14239293117427823
0.5824999999999986 31415.92653589793 0.14239335257310445
0.5849999999999985 31415.92653589793 0.14239375954849623
0.5874999999999985 31415.92653589793 0.14239415259566848
0.5899999999999984 31415.92653589793 0.1423945321927666
0.5924999999999984 31415.92653589793 0.14239489880149062
0.5949999999999983 31415.92653589793 0.1423952528676367
0.5974999999999983 31415.92653589793 0.14239559482162453
0.5999999999999982 31415.92653589793 0.14239592507909377
0.6024999999999981 31415.92653589793 0.14239624404134837
0.6049999999999981 31415.92653589793 0.14239655209588403
0.607499999999998 31415.92653589793 0.14239684961687352
0.609999999999998 31415.92653589793 0.1423971369656113
0.6124999999999979 31415.92653589793 0.14239741449094317
0.6149999999999979 31415.92653589793 0.14239768252972482
0.6174999999999978 31415.92653589793 0.1423979414072376
0.6199999999999978 31415.92653589793 0.14239819143754975
0.6224999999999977 31415.92653589793 0.1423984329239326
0.6249999999999977 31415.92653589793 0.1423986661592352
0.6274999999999976 31415.92653589793 0.1423988914262452
0.6299999999999976 31415.92653589793 0.142399108998022
0.6324999999999975 31415.92653589793 0.14239931913822967
0.6349999999999975 31415.92653589793 0.14239952210148396
0.6374999999999974 31415.92653589793 0.1423997181336299
0.6399999999999973 31415.92653589793 0.14239990747208864
0.6424999999999973 31415.92653589793 0.14240009034609352
0.6449999999999972 31415.92653589793 0.14240026697705074
0.6474999999999972 31415.92653589793 0.1424004375786921
0.6499999999999971 31415.92653589793 0.1424006023574775
0.6524999999999971 31415.92653589793 0.14240076151273354
0.654999999999997 31415.92653589793 0.14240091523695905
0.657499999999997 31415.92653589793 0.1424010637160331
0.6599999999999969 31415.92653589793 0.14240120712945098
0.6624999999999969 31415.92653589793 0.14240134565056015
0.6649999999999968 31415.92653589793 0.14240147944674064
0.6674999999999968 31415.92653589793 0.14240160867964088
0.6699999999999967 31415.92653589793 0.1424017335053721
0.6724999999999967 31415.92653589793 0.14240185407466097
0.6749999999999966 31415.92653589793 0.14240197053308545
0.6774999999999965 31415.92653589793 0.1424020830212137
0.6799999999999965 31415.92653589793 0.1424021916747982
0.6824999999999964 31415.92653589793 0.14240229662495632
0.6849999999999964 31415.92653589793 0.14240239799826734
0.6874999999999963 31415.92653589793 0.14240249591700843
0.6899999999999963 31415.92653589793 0.14240259049922407
0.6924999999999962 31415.92653589793 0.14240268185896193
0.6949999999999962 31415.92653589793 0.14240277010632837
0.6974999999999961 31415.92653589793 0.14240285534766886
0.6999999999999961 31415.92653589793 0.1424029376856513
0.702499999999996 31415.92653589793 0.14240301721948795
0.704999999999996 31415.92653589793 0.1424030940449217
0.7074999999999959 31415.92653589793 0.14240316825447577
0.7099999999999959 31415.92653589793 0.1424032399374676
0.7124999999999958 31415.92653589793 0.14240330918016145
0.7149999999999958 31415.92653589793 0.14240337606587966
0.7174999999999957 31415.92653589793 0.14240344067507169
0.7199999999999956 31415.92653589793 0.1424035030854532
0.7224999999999956 31415.92653589793 0.1424035633720752
0.7249999999999955 31415.92653589793 0.14240362160740755
0.7274999999999955 31415.92653589793 0.14240367786143593
0.7299999999999954 31415.92653589793 0.14240373220177288
0.7324999999999954 31415.92653589793 0.14240378469369958
0.7349999999999953 31415.92653589793 0.14240383540027665
0.7374999999999953 31415.92653589793 0.14240388438239984
0.7399999999999952 31415.92653589793 0.1424039316988693
0.7424999999999952 31415.92653589793 0.1424039774064869
0.7449999999999951 31415.92653589793 0.1424040215601253
0.7474999999999951 31415.92653589793 0.1424040642127561
0.749999999999995 31415.92653589793 0.14240410541554666
0.752499999999995 31415.92653589793 0.14240414521792968
0.7549999999999949 31415.92653589793 0.14240418366763086
0.7574999999999948 31415.92653589793 0.1424042208107522
0.7599999999999948 31415.92653589793 0.14240425669179982
0.7624999999999947 31415.92653589793 0.1424042913537948
0.7649999999999947 31415.92653589793 0.14240432483827337
0.7674999999999946 31415.92653589793 0.14240435718532848
0.7699999999999946 31415.92653589793 0.14240438843372077
0.7724999999999945 31415.92653589793 0.14240441862086478
0.7749999999999945 31415.92653589793 0.14240444778289826
0.7774999999999944 31415.92653589793 0.1424044759547238
0.7799999999999944 31415.92653589793 0.1424045031700645
0.7824999999999943 31415.92653589793 0.14240452946149149
0.7849999999999943 31415.92653589793 0.1424045548604518
0.7874999999999942 31415.92653589793 0.14240457939731008
0.7899999999999942 31415.92653589793 0.14240460310141786
0.7924999999999941 31415.92653589793 0.14240462600111353
0.794999999999994 31415.92653589793 0.14240464812377804
0.797499999999994 31415.92653589793 0.1424046694958346
0.7999999999999939 31415.92653589793 0.1424046901428323
0.8024999999999939 31415.92653589793 0.14240471008941805
0.8049999999999938 31415.92653589793 0.1424047293594339
0.8074999999999938 31415.92653589793 0.14240474797588923
0.8099999999999937 31415.92653589793 0.14240476596100235
0.8124999999999937 31415.92653589793 0.14240478333624224
0.8149999999999936 31415.92653589793 0.14240480012234227
0.8174999999999936 31415.92653589793 0.142404816339342
0.8199999999999935 31415.92653589793 0.14240483200657317
0.8224999999999935 31415.92653589793 0.14240484714272916
0.8249999999999934 31415.92653589793 0.14240486176587885
0.8274999999999934 31415.92653589793 0.142404875893425
0.8299999999999933 31415.92653589793 0.1424048895422291
0.8324999999999932 31415.92653589793 0.14240490272854206
0.8349999999999932 31415.92653589793 0.1424049154680874
0.8374999999999931 31415.92653589793 0.14240492777604744
0.8399999999999931 31415.92653589793 0.1424049396670632
0.842499999999993 31415.92653589793 0.14240495115531782
0.844999999999993 31415.92653589793 0.14240496225446703
0.8474999999999929 31415.92653589793 0.14240497297773635
0.8499999999999929 31415.92653589793 0.1424049833378934
0.8524999999999928 31415.92653589793 0.1424049933472477
0.8549999999999928 31415.92653589793 0.14240500301773418
0.8574999999999927 31415.92653589793 0.14240501236082978
0.8599999999999927 31415.92653589793 0.14240502138766448
0.8624999999999926 31415.92653589793 0.1424050301089658
0.8649999999999926 31415.92653589793 0.1424050385350866
0.8674999999999925 31415.92653589793 0.14240504667607437
0.8699999999999924 31415.92653589793 0.14240505454157418
0.8724999999999924 31415.92653589793 0.14240506214093962
0.8749999999999923 31415.92653589793 0.1424050694832052
0.8774999999999923 31415.92653589793 0.14240507657710003
0.8799999999999922 31415.92653589793 0.14240508343102012
0.8824999999999922 31415.92653589793 0.14240509005312565
0.8849999999999921 31415.92653589793 0.14240509645127147
0.8874999999999921 31415.92653589793 0.1424051026330487
0.889999999999992 31415.92653589793 0.1424051086057987
0.892499999999992 31415.92653589793 0.1424051143765991
0.8949999999999919 31415.92653589793 0.14240511995229171
0.8974999999999919 31415.92653589793 0.14240512533949617
0.8999999999999918 31415.92653589793 0.1424051305446102
0.9024999999999918 31415.92653589793 0.14240513557379555
0.9049999999999917 31415.92653589793 0.14240514043300576
0.9074999999999916 31415.92653589793 0.14240514512800007
0.9099999999999916 31415.92653589793 0.14240514966435738
0.9124999999999915 31415.92653589793 0.14240515404743456
0.9149999999999915 31415.92653589793 0.14240515828243572
0.9174999999999914 31415.92653589793 0.14240516237437081
0.9199999999999914 31415.92653589793 0.14240516632808312
0.9224999999999913 31415.92653589793 0.14240517014824944
0.9249999999999913 31415.92653589793 0.1424051738394079
0.9274999999999912 31415.92653589793 0.14240517740590214
0.9299999999999912 31415.92653589793 0.142405180851965
0.9324999999999911 31415.92653589793 0.14240518418167644
0.9349999999999911 31415.92653589793 0.1424051873989778
0.937499999999991 31415.92653589793 0.14240519050765774
0.939999999999991 31415.92653589793 0.14240519351140773
0.9424999999999909 31415.92653589793 0.1424051964137666
0.9449999999999908 31415.92653589793 0.14240519921816217
0.9474999999999908 31415.92653589793 0.14240520192792508
0.9499999999999907 31415.92653589793 0.14240520454624728
0.9524999999999907 31415.92653589793 0.1424052070762096
0.9549999999999906 31415.92653589793 0.1424052095208235
0.9574999999999906 31415.92653589793 0.14240521188296174
0.9599999999999905 31415.92653589793 0.1424052141654276
0.9624999999999905 31415.92653589793 0.14240521637089945
0.9649999999999904 31415.92653589793 0.14240521850197252
0.9674999999999904 31415.92653589793 0.14240522056118643
0.9699999999999903 31415.92653589793 0.14240522255095583
0.9724999999999903 31415.92653589793 0.14240522447362616
0.9749999999999902 31415.92653589793 0.14240522633147337
0.9774999999999902 31415.92653589793 0.14240522812669007
0.9799999999999901 31415.92653589793 0.14240522986138576
0.98249999999999 31415.92653589793 0.14240523153760046
0.98499999999999 31415.92653589793 0.1424052331573187
0.9874999999999899 31415.92653589793 0.1424052347224417
0.9899999999999899 31415.92653589793 0.14240523623481524
0.9924999999999898 31415.92653589793 0.14240523769622954
0.9949999999999898 31415.92653589793 0.14240523910840547
0.9974999999999897 31415.92653589793 0.14240524047300832
0.9999999999999897 31415.92653589793 0.14240524179162017
1.0024999999999897 31415.92653589793 0.1424052430658231
1.0049999999999897 31415.92653589793 0.14240524429710205
1.0074999999999896 31415.92653589793 0.1424052454869142
1.0099999999999896 31415.92653589793 0.14240524663664728
1.0124999999999895 31415.92653589793 0.1424052477476613
1.0149999999999895 31415.92653589793 0.14240524882126082
1.0174999999999894 31415.92653589793 0.1424052498587087
1.0199999999999894 31415.92653589793 0.1424052508612262
1.0224999999999893 31415.92653589793 0.1424052518300068
1.0249999999999893 31415.92653589793 0.14240525276616073
1.0274999999999892 31415.92653589793 0.14240525367081208
1.0299999999999891 31415.92653589793 0.14240525454500166
1.032499999999989 31415.92653589793 0.14240525538978424
1.034999999999989 31415.92653589793 0.1424052562061312
1.037499999999989 31415.92653589793 0.14240525699500017
1.039999999999989 31415.92653589793 0.14240525775733479
1.0424999999999889 31415.92653589793 0.1424052584940094
1.0449999999999888 31415.92653589793 0.14240525920591215
1.0474999999999888 31415.92653589793 0.14240525989386185
1.0499999999999887 31415.92653589793 0.14240526055866337
1.0524999999999887 31415.92653589793 0.1424052612011078
1.0549999999999886 31415.92653589793 0.1424052618219445
1.0574999999999886 31415.92653589793 0.142405262421909
1.0599999999999885 31415.92653589793 0.1424052630016952
1.0624999999999885 31415.92653589793 0.14240526356198313
1.0649999999999884 31415.92653589793 0.14240526410342502
1.0674999999999883 31415.92653589793 0.1424052646266731
1.0699999999999883 31415.92653589793 0.14240526513232418
1.0724999999999882 31415.92653589793 0.14240526562098885
1.0749999999999882 31415.92653589793 0.1424052660932222
1.0774999999999881 31415.92653589793 0.14240526654957938
1.079999999999988 31415.92653589793 0.1424052669906016
1.082499999999988 31415.92653589793 0.14240526741680232
1.084999999999988 31415.92653589793 0.14240526782868118
1.087499999999988 31415.92653589793 0.1424052682267239
1.0899999999999879 31415.92653589793 0.1424052686113884
1.0924999999999878 31415.92653589793 0.1424052689831327
1.0949999999999878 31415.92653589793 0.14240526934238698
1.0974999999999877 31415.92653589793 0.14240526968958148
1.0999999999999877 31415.92653589793 0.14240527002510475
1.1024999999999876 31415.92653589793 0.14240527034935924
1.1049999999999875 31415.92653589793 0.14240527066273356
1.1074999999999875 31415.92653589793 0.14240527096557465
1.1099999999999874 31415.92653589793 0.14240527125824332
1.1124999999999874 31415.92653589793 0.1424052715411004
1.1149999999999873 31415.92653589793 0.14240527181445117
1.1174999999999873 31415.92653589793 0.14240527207861486
1.1199999999999872 31415.92653589793 0.14240527233392453
1.1224999999999872 31415.92653589793 0.14240527258065772
1.1249999999999871 31415.92653589793 0.14240527281910587
1.127499999999987 31415.92653589793 0.1424052730495604
1.129999999999987 31415.92653589793 0.142405273272285
1.132499999999987 31415.92653589793 0.1424052734875295
1.134999999999987 31415.92653589793 0.14240527369554365
1.1374999999999869 31415.92653589793 0.14240527389657728
1.1399999999999868 31415.92653589793 0.1424052740908802
1.1424999999999867 31415.92653589793 0.14240527427864666
1.1449999999999867 31415.92653589793 0.1424052744601265
1.1474999999999866 31415.92653589793 0.14240527463551395
1.1499999999999866 31415.92653589793 0.14240527480501725
1.1524999999999865 31415.92653589793 0.14240527496884453
1.1549999999999865 31415.92653589793 0.1424052751271762
1.1574999999999864 31415.92653589793 0.1424052752801927
1.1599999999999864 31415.92653589793 0.1424052754280744
1.1624999999999863 31415.92653589793 0.14240527557100174
1.1649999999999863 31415.92653589793 0.14240527570914124
1.1674999999999862 31415.92653589793 0.14240527584264556
1.1699999999999862 31415.92653589793 0.14240527597166736
1.172499999999986 31415.92653589793 0.14240527609637313
1.174999999999986 31415.92653589793 0.14240527621688784
1.177499999999986 31415.92653589793 0.142405276333378
1.179999999999986 31415.92653589793 0.1424052764459546
1.182499999999986 31415.92653589793 0.14240527655475646
1.1849999999999858 31415.92653589793 0.14240527665992234
1.1874999999999858 31415.92653589793 0.14240527676156325
1.1899999999999857 31415.92653589793 0.14240527685979024
1.1924999999999857 31415.92653589793 0.14240527695472818
1.1949999999999856 31415.92653589793 0.14240527704648812
1.1974999999999856 31415.92653589793 0.14240527713516718
1.1999999999999855 31415.92653589793 0.14240527722089028
